386803667;40.99577;-8.637086;-0.1507456;0.7155111
441802794;41.00849;-8.638968;-0.1507784;0.7157331
441802796;41.00849;-8.638078;-0.1507629;0.7157331
441802805;41.00842;-8.634355;-0.1506979;0.715732
441802816;41.00828;-8.634282;-0.1506967;0.7157295
441802828;41.00842;-8.634112;-0.1506937;0.715732
441802854;41.00847;-8.634525;-0.1507009;0.7157329
441802954;41.01247;-8.635453;-0.1507171;0.7158027
441802957;41.01152;-8.634542;-0.1507012;0.7157861
441802961;41.01134;-8.634403;-0.1506988;0.7157829
441802977;41.0111;-8.634294;-0.1506968;0.7157788
441802980;41.01077;-8.634224;-0.1506956;0.715773
441802984;41.01053;-8.634255;-0.1506962;0.7157688
441803002;41.0158;-8.63979;-0.1507928;0.7158608
441803004;41.013;-8.639812;-0.1507932;0.715812
441803007;41.01237;-8.639822;-0.1507933;0.7158008
441803009;41.0117;-8.639832;-0.1507935;0.7157893
441803013;41.01117;-8.639839;-0.1507936;0.71578
441803014;41.01036;-8.639828;-0.1507934;0.7157658
441803015;41.00941;-8.639832;-0.1507935;0.7157492
441803016;41.0085;-8.639839;-0.1507936;0.7157333
441803017;41.00819;-8.639846;-0.1507938;0.7157279
441803018;41.00721;-8.63987;-0.1507942;0.7157109
441803019;41.00664;-8.639876;-0.1507943;0.7157009
441803020;41.00593;-8.639898;-0.1507947;0.7156885
441803021;41.00535;-8.639911;-0.1507949;0.7156784
441803022;41.00468;-8.639927;-0.1507952;0.7156666
441803023;41.00397;-8.639933;-0.1507953;0.7156543
441803024;41.00314;-8.639944;-0.1507955;0.7156397
441803025;41.00229;-8.639956;-0.1507957;0.7156249
441803026;41.00136;-8.639974;-0.150796;0.7156088
441803027;41.00077;-8.639984;-0.1507962;0.7155985
441803029;40.99947;-8.639996;-0.1507964;0.7155757
441803031;40.99774;-8.64001;-0.1507966;0.7155455
441803034;40.99648;-8.640009;-0.1507966;0.7155235
441803038;40.99588;-8.64001;-0.1507966;0.7155131
441803041;40.99556;-8.640018;-0.1507968;0.7155075
441803043;40.99496;-8.640023;-0.1507968;0.7154971
441803045;40.99467;-8.640026;-0.1507969;0.7154921
441803048;40.99406;-8.640032;-0.150797;0.7154813
441803051;40.99376;-8.64004;-0.1507972;0.7154762
441803068;41.01167;-8.643991;-0.1508661;0.7157887
441803070;41.01167;-8.643006;-0.1508489;0.7157886
441803072;41.01168;-8.641457;-0.1508219;0.7157888
441803074;41.0117;-8.640762;-0.1508097;0.7157891
441803076;41.0117;-8.638937;-0.1507779;0.7157893
441803078;41.01172;-8.638315;-0.150767;0.7157895
441803092;41.00945;-8.643492;-0.1508574;0.7157499
441803095;41.00993;-8.643177;-0.1508519;0.7157582
441803097;41.01002;-8.643026;-0.1508493;0.7157598
441803099;41.01029;-8.642287;-0.1508364;0.7157646
441803101;41.01062;-8.641381;-0.1508206;0.7157703
441803103;41.01084;-8.640759;-0.1508097;0.7157741
441803105;41.01107;-8.640105;-0.1507983;0.7157781
441803107;41.0115;-8.638953;-0.1507782;0.7157857
441803110;41.01181;-8.638022;-0.1507619;0.715791
441803112;41.01201;-8.637466;-0.1507522;0.7157946
441803114;41.01217;-8.637014;-0.1507443;0.7157974
441803119;41.01225;-8.636613;-0.1507373;0.7157987
441803121;41.01226;-8.636218;-0.1507304;0.7157989
441803124;41.0123;-8.635857;-0.1507241;0.7157997
441803126;41.01236;-8.635661;-0.1507207;0.7158007
441803128;41.01259;-8.635288;-0.1507142;0.7158048
441803130;41.0127;-8.6351;-0.1507109;0.7158067
441803133;41.01273;-8.634682;-0.1507036;0.7158073
441803135;41.01281;-8.634237;-0.1506959;0.7158085
441803138;41.01291;-8.634094;-0.1506934;0.7158103
441803141;41.01342;-8.633572;-0.1506843;0.7158192
441803143;41.01361;-8.633464;-0.1506824;0.7158225
441803282;41.01104;-8.643992;-0.1508661;0.7157778
441803285;41.01104;-8.643683;-0.1508607;0.7157778
441803287;41.01105;-8.643003;-0.1508489;0.7157778
441803289;41.01106;-8.641406;-0.150821;0.715778
441803291;41.01106;-8.640757;-0.1508096;0.7157781
441803296;41.00941;-8.638949;-0.1507781;0.7157492
441803298;41.01036;-8.638955;-0.1507782;0.7157658
441803301;41.01238;-8.638947;-0.1507781;0.7158011
441803304;41.01305;-8.639054;-0.1507799;0.7158127
441803316;41.013;-8.640744;-0.1508094;0.7158119
441803319;41.013;-8.641554;-0.1508236;0.7158118
441803322;41.013;-8.643009;-0.150849;0.7158118
441803324;41.01299;-8.643715;-0.1508613;0.7158116
441803326;41.01299;-8.643967;-0.1508657;0.7158117
441803327;41.01281;-8.643971;-0.1508658;0.7158085
441803328;41.0123;-8.64398;-0.1508659;0.7157996
441803329;41.01042;-8.644005;-0.1508663;0.7157669
441803330;41.00945;-8.643927;-0.150865;0.7157499
441803331;41.00886;-8.644022;-0.1508666;0.7157397
441803332;41.0081;-8.643953;-0.1508655;0.7157264
441803333;41.00722;-8.64399;-0.1508661;0.7157111
441803334;41.00665;-8.644006;-0.1508664;0.715701
441803335;41.00595;-8.644018;-0.1508666;0.7156889
441803337;41.00533;-8.644038;-0.1508669;0.7156781
441803339;41.00469;-8.644055;-0.1508672;0.7156668
441803340;41.00398;-8.643974;-0.1508658;0.7156544
441803342;41.00319;-8.643847;-0.1508636;0.7156406
441803344;41.00219;-8.643121;-0.1508509;0.7156232
441803347;41.0022;-8.642394;-0.1508382;0.7156233
441803349;41.00112;-8.642416;-0.1508386;0.7156045
441803356;41.00065;-8.642426;-0.1508388;0.7155964
441803358;40.9999;-8.641502;-0.1508227;0.7155833
441803367;41.01231;-8.643008;-0.150849;0.7157999
441803370;41.01234;-8.641499;-0.1508226;0.7158004
441803372;41.01235;-8.640737;-0.1508093;0.7158006
441803375;41.01239;-8.638562;-0.1507713;0.7158012
441803382;41.01222;-8.638486;-0.15077;0.7157983
441803385;41.01219;-8.63806;-0.1507626;0.7157978
441803390;41.01369;-8.641607;-0.1508245;0.7158239
441803393;41.01368;-8.642858;-0.1508463;0.7158238
441803401;41.01334;-8.643006;-0.1508489;0.7158179
441803403;41.01063;-8.642777;-0.1508449;0.7157705
441803408;41.01043;-8.643288;-0.1508538;0.7157671
441803426;41.01392;-8.641619;-0.1508247;0.7158279
441803428;41.00943;-8.641389;-0.1508207;0.7157496
441803431;41.0085;-8.641398;-0.1508209;0.7157334
441803434;41.00816;-8.641398;-0.1508209;0.7157274
441803436;41.00722;-8.641425;-0.1508213;0.7157109
441803439;41.00664;-8.641435;-0.1508215;0.7157009
441803441;41.00594;-8.641441;-0.1508216;0.7156886
441803444;41.00535;-8.641447;-0.1508217;0.7156783
441803451;41.00468;-8.641471;-0.1508221;0.7156667
441803453;41.00397;-8.641468;-0.1508221;0.7156544
441803456;41.00311;-8.641484;-0.1508224;0.7156392
441803458;41.00224;-8.641498;-0.1508226;0.715624
441803460;41.00121;-8.641529;-0.1508231;0.715606
441803462;41.00059;-8.641533;-0.1508232;0.7155952
441803474;41.00814;-8.642319;-0.1508369;0.7157271
441803483;41.00845;-8.643931;-0.1508651;0.7157324
441803486;41.0085;-8.640806;-0.1508105;0.7157333
441803494;41.00943;-8.640794;-0.1508103;0.7157495
441803496;41.00944;-8.642297;-0.1508365;0.7157497
441803508;41.00534;-8.645984;-0.1509009;0.7156782
441803516;41.00306;-8.646102;-0.1509029;0.7156385
441803521;41.00116;-8.646194;-0.1509046;0.7156053
441803525;41.00068;-8.64622;-0.150905;0.7155968
441803528;41.00024;-8.646237;-0.1509053;0.7155891
441803530;40.99924;-8.646295;-0.1509063;0.7155718
441803532;40.99887;-8.646408;-0.1509083;0.7155653
441803535;40.99861;-8.646427;-0.1509086;0.7155607
441803537;40.99832;-8.646214;-0.1509049;0.7155556
441803539;40.99817;-8.645975;-0.1509007;0.7155531
441803545;40.99748;-8.645789;-0.1508975;0.7155411
441803547;40.99657;-8.645854;-0.1508986;0.7155251
441803549;40.99602;-8.645752;-0.1508968;0.7155156
441803551;40.9958;-8.645697;-0.1508959;0.7155117
441803554;40.99497;-8.645486;-0.1508922;0.7154972
441803556;40.99466;-8.645411;-0.1508909;0.7154917
441803558;40.99426;-8.645309;-0.1508891;0.7154849
441803560;40.9942;-8.645166;-0.1508866;0.7154838
441803562;40.99427;-8.644721;-0.1508788;0.7154849
441803564;40.99474;-8.644841;-0.1508809;0.7154933
441803567;40.99589;-8.645131;-0.150886;0.7155132
441803569;40.99633;-8.645242;-0.1508879;0.7155209
441803592;41.0092;-8.644478;-0.1508746;0.7157455
441803596;41.00911;-8.645286;-0.1508887;0.715744
441803600;41.00794;-8.64541;-0.1508909;0.7157235
441803604;41.00722;-8.645416;-0.150891;0.7157111
441803607;41.00723;-8.645894;-0.1508993;0.7157112
441803619;41.00939;-8.635214;-0.1507129;0.7157488
441803623;41.00855;-8.634182;-0.1506949;0.7157342
441803624;41.01055;-8.634167;-0.1506946;0.7157691
441805488;41.00849;-8.637964;-0.1507609;0.7157331
441805490;41.01184;-8.637911;-0.15076;0.7157917
441805493;41.00721;-8.637992;-0.1507614;0.7157108
441805495;41.0066;-8.637999;-0.1507615;0.7157003
441805496;41.00592;-8.638011;-0.1507617;0.7156884
441805497;41.00537;-8.638021;-0.1507619;0.7156787
441805498;41.00468;-8.638033;-0.1507621;0.7156666
441805500;41.00317;-8.638061;-0.1507626;0.7156402
441805501;41.00237;-8.638076;-0.1507629;0.7156263
441805503;41.00094;-8.638086;-0.150763;0.7156014
441805505;40.99988;-8.637572;-0.1507541;0.7155829
441805507;41.00721;-8.638104;-0.1507634;0.7157108
441805508;41.00537;-8.638134;-0.1507639;0.7156787
441805509;41.00468;-8.638145;-0.1507641;0.7156667
441805510;41.00397;-8.638158;-0.1507643;0.7156543
441805511;41.00316;-8.638171;-0.1507645;0.7156402
441805512;41.00235;-8.638188;-0.1507648;0.7156261
441805513;41.00094;-8.638209;-0.1507652;0.7156014
441805516;40.99166;-8.629596;-0.1506149;0.7154394
441805517;40.99329;-8.631166;-0.1506423;0.7154679
441805518;40.99441;-8.632216;-0.1506606;0.7154874
441805519;40.9953;-8.633106;-0.1506761;0.715503
441805520;40.99601;-8.633834;-0.1506888;0.7155154
441805521;40.99694;-8.63486;-0.1507067;0.7155316
441805522;40.99749;-8.635489;-0.1507177;0.7155411
441805523;40.99864;-8.636478;-0.150735;0.7155612
441813252;41.00722;-8.642335;-0.1508372;0.7157109
441813273;41.00722;-8.644979;-0.1508834;0.7157111
441813274;41.00722;-8.644535;-0.1508756;0.7157111
441813275;41.00722;-8.643307;-0.1508542;0.7157109
441813276;41.00722;-8.64299;-0.1508486;0.7157109
441813277;41.00721;-8.640824;-0.1508108;0.7157109
441813278;41.00721;-8.637139;-0.1507465;0.7157108
441813279;41.00721;-8.636285;-0.1507316;0.7157108
441813280;41.00721;-8.635288;-0.1507142;0.7157108
441813281;41.0072;-8.634447;-0.1506995;0.7157107
441819649;41.00393;-8.634047;-0.1506925;0.7156537
441819655;41.00407;-8.634087;-0.1506932;0.715656
441819659;41.0041;-8.634128;-0.150694;0.7156566
441819662;41.00414;-8.634238;-0.1506959;0.7156572
441819665;41.00414;-8.634332;-0.1506975;0.7156572
441819668;41.00412;-8.634383;-0.1506984;0.7156569
441819670;41.00407;-8.634467;-0.1506999;0.715656
441819672;41.00396;-8.634513;-0.1507007;0.7156541
441819677;41.00386;-8.634473;-0.1507;0.7156525
441819680;41.00383;-8.634425;-0.1506992;0.7156518
441819682;41.0038;-8.634365;-0.1506981;0.7156513
441819685;41.0038;-8.634199;-0.1506952;0.7156512
441819692;41.00385;-8.634097;-0.1506934;0.7156522
441819695;41.00389;-8.634066;-0.1506929;0.7156528
441819719;41.00828;-8.634194;-0.1506951;0.7157295
441819722;41.00837;-8.634007;-0.1506918;0.7157311
441819723;41.00755;-8.634;-0.1506917;0.7157168
441819724;41.00413;-8.634039;-0.1506924;0.7156571
443800954;41.00398;-8.646049;-0.150902;0.7156545
443800955;41.00663;-8.642334;-0.1508372;0.7157007
443800956;41.00594;-8.642337;-0.1508372;0.7156887
443800957;41.00534;-8.64235;-0.1508375;0.7156783
443800958;41.00468;-8.642365;-0.1508377;0.7156668
443800959;41.00397;-8.642358;-0.1508376;0.7156544
443800960;41.00397;-8.638046;-0.1507623;0.7156543
443800961;41.00592;-8.639016;-0.1507793;0.7156884
443803681;40.9966;-8.634477;-0.1507;0.7155256
443803761;40.99707;-8.634475;-0.1507;0.7155339
443803762;40.99733;-8.634397;-0.1506986;0.7155383
443808161;40.99733;-8.634308;-0.1506971;0.7155384
443809274;41.0094;-8.637082;-0.1507455;0.715749
443809275;41.00848;-8.6371;-0.1507458;0.7157329
443809276;41.00396;-8.637162;-0.1507469;0.7156542
443809290;41.00316;-8.637163;-0.1507469;0.7156401
443809927;41.00933;-8.643549;-0.1508584;0.7157478
443809931;41.00817;-8.6408;-0.1508104;0.7157276
443809933;41.00914;-8.642392;-0.1508382;0.7157444
443812903;41.0094;-8.636246;-0.1507309;0.715749
443812931;41.00594;-8.640838;-0.1508111;0.7156886
443813000;41.00307;-8.643764;-0.1508622;0.7156386
443813070;41.00468;-8.640858;-0.1508114;0.7156667
443813076;41.00664;-8.640833;-0.150811;0.7157009
443813084;41.0031;-8.642379;-0.150838;0.7156391
443813089;41.00847;-8.636251;-0.150731;0.7157329
443813090;41.00846;-8.635248;-0.1507135;0.7157327
443813100;41.00397;-8.64087;-0.1508116;0.7156544
443813102;41.00397;-8.639052;-0.1507799;0.7156543
443813108;41.00396;-8.636296;-0.1507318;0.7156541
443813115;41.00536;-8.639025;-0.1507794;0.7156785
443813117;41.00535;-8.640849;-0.1508113;0.7156783
443813125;41.01036;-8.640776;-0.15081;0.7157659
443813126;41.00312;-8.640882;-0.1508118;0.7156395
443813127;41.00224;-8.64089;-0.150812;0.7156242
443813128;41.00126;-8.640907;-0.1508123;0.715607
443813129;41.00066;-8.640916;-0.1508124;0.7155965
443813155;41.00113;-8.636333;-0.1507325;0.7156047
443813166;41.00086;-8.639111;-0.1507809;0.7156
443813185;41.00042;-8.642239;-0.1508355;0.7155924
443813209;41.00232;-8.639056;-0.15078;0.7156255
443813212;41.00238;-8.636704;-0.1507389;0.7156265
443813224;41.0033;-8.635396;-0.1507161;0.7156426
443813226;41.00317;-8.636302;-0.1507319;0.7156402
443813234;41.00315;-8.639056;-0.15078;0.7156399
443817322;41.00939;-8.635395;-0.1507161;0.7157489
443817366;41.00595;-8.643321;-0.1508544;0.7156889
443817389;41.00594;-8.643002;-0.1508488;0.7156887
443817424;41.00469;-8.643356;-0.150855;0.7156668
443817435;41.00468;-8.643056;-0.1508498;0.7156668
443817484;41.00663;-8.64331;-0.1508542;0.7157007
443817589;41.00398;-8.645487;-0.1508922;0.7156545
443817603;41.00398;-8.644557;-0.150876;0.7156544
443817612;41.00398;-8.64337;-0.1508553;0.7156545
443817621;41.00398;-8.643059;-0.1508498;0.7156544
443817655;41.00534;-8.643033;-0.1508494;0.7156782
443817656;41.00534;-8.64333;-0.1508546;0.7156782
443817684;41.01105;-8.637038;-0.1507448;0.7157779
443817689;41.01033;-8.637054;-0.150745;0.7157654
443817692;41.00783;-8.63712;-0.1507462;0.7157216
443817700;41.00812;-8.642961;-0.1508481;0.7157267
443817708;41.00309;-8.643101;-0.1508506;0.7156389
443817715;41.00783;-8.636268;-0.1507313;0.7157217
443817736;41.01033;-8.636239;-0.1507308;0.7157653
443817737;41.01105;-8.636233;-0.1507307;0.7157778
443817747;41.00782;-8.635263;-0.1507138;0.7157215
443817765;41.00832;-8.634431;-0.1506992;0.7157301
443817769;41.00782;-8.634438;-0.1506994;0.7157215
443817788;41.01033;-8.635755;-0.1507224;0.7157653
443817797;41.01018;-8.63512;-0.1507113;0.7157627
443817801;41.01012;-8.634705;-0.150704;0.7157615
443817815;41.01019;-8.634547;-0.1507013;0.7157629
443817821;41.01059;-8.634562;-0.1507015;0.7157698
443817831;41.01085;-8.634734;-0.1507045;0.7157743
443817844;41.01104;-8.635199;-0.1507127;0.7157777
443817891;41.00948;-8.63537;-0.1507156;0.7157505
443817960;41.00047;-8.644576;-0.1508763;0.7155933
443817968;41.00793;-8.644969;-0.1508832;0.7157234
443817971;41.00596;-8.645;-0.1508837;0.7156891
443817975;41.00534;-8.645009;-0.1508839;0.7156782
443817983;41.00307;-8.645515;-0.1508927;0.7156385
443818025;40.99972;-8.642726;-0.150844;0.7155801
443818031;40.99951;-8.642892;-0.1508469;0.7155764
443818033;40.98992;-8.640448;-0.1508043;0.715409
768203700;40.99842;-8.643091;-0.1508504;0.7155575
768203701;41.00059;-8.643653;-0.1508602;0.7155953
768203702;40.99868;-8.64589;-0.1508992;0.7155619
768203703;40.99937;-8.645162;-0.1508865;0.715574
768203704;40.99879;-8.645013;-0.1508839;0.715564
768203705;41.0009;-8.643735;-0.1508616;0.7156007
768203706;40.99961;-8.6434;-0.1508558;0.7155781
768203707;41.00073;-8.645533;-0.150893;0.7155977
768203708;40.99985;-8.64188;-0.1508293;0.7155824
768203709;41.00138;-8.644588;-0.1508765;0.7156091
768203710;40.99627;-8.642539;-0.1508408;0.7155199
768203711;41.00148;-8.643878;-0.1508641;0.7156107
768203712;41;-8.641752;-0.150827;0.715585
768203713;41.00111;-8.643788;-0.1508626;0.7156044
768203714;41.00051;-8.642136;-0.1508337;0.715594
768203715;41.00083;-8.644575;-0.1508763;0.7155994
768203716;41.00134;-8.645523;-0.1508928;0.7156083
768203717;40.99831;-8.643911;-0.1508647;0.7155554
768203718;41.00112;-8.644584;-0.1508764;0.7156045
768203719;40.99903;-8.643247;-0.1508531;0.715568
768203720;40.9959;-8.641973;-0.1508309;0.7155133
768203721;41.00034;-8.645529;-0.1508929;0.7155908
768203722;40.9995;-8.64421;-0.1508699;0.7155763
768203723;41.00115;-8.645526;-0.1508929;0.715605
768203724;40.99584;-8.642425;-0.1508388;0.7155124
768203725;41.00007;-8.639988;-0.1507962;0.7155862
768203726;40.99892;-8.644064;-0.1508674;0.7155661
768203727;40.99817;-8.644853;-0.1508811;0.7155531
768203728;40.9981;-8.64537;-0.1508902;0.7155519
768226308;41.00664;-8.644545;-0.1508758;0.7157009
768226309;41.00665;-8.645925;-0.1508999;0.7157011
768226311;41.01339;-8.641584;-0.1508241;0.7158186
768226313;41.00597;-8.645444;-0.1508915;0.7156891
768226314;41.00794;-8.645561;-0.1508935;0.7157235
768226315;41.01331;-8.639058;-0.15078;0.7158173
768226316;41.00663;-8.643007;-0.1508489;0.7157007
768226317;41.00534;-8.645457;-0.1508917;0.7156782
768226319;41.00597;-8.645948;-0.1509003;0.7156891
768226320;41.00469;-8.644569;-0.1508762;0.7156669
768226321;41.00664;-8.644989;-0.1508835;0.7157009
768226322;41.0047;-8.645472;-0.1508919;0.7156669
768226323;41.00793;-8.644541;-0.1508757;0.7157233
768226324;41.00665;-8.645429;-0.1508912;0.715701
768226326;41.01168;-8.64371;-0.1508612;0.7157888
768226327;41.0047;-8.646012;-0.1509014;0.7156671
768226330;41.00597;-8.644557;-0.150876;0.7156891
768226331;41.00534;-8.644571;-0.1508762;0.7156782
768226332;41.00309;-8.644567;-0.1508761;0.7156389
768565989;41.00466;-8.635351;-0.1507153;0.7156664
768565990;41.00537;-8.63628;-0.1507315;0.7156787
768565991;41.0066;-8.634449;-0.1506996;0.7157001
768565992;41.00465;-8.634471;-0.1506999;0.7156662
768565993;41.00467;-8.637157;-0.1507468;0.7156665
768565994;41.0066;-8.635296;-0.1507143;0.7157001
768565995;41.00468;-8.63904;-0.1507797;0.7156667
768565996;41.00592;-8.637147;-0.1507467;0.7156882
768565997;41.0066;-8.637139;-0.1507465;0.7157001
768565998;41.00538;-8.635046;-0.15071;0.7156789
768565999;41.00592;-8.636279;-0.1507315;0.7156882
768566000;41.00538;-8.635334;-0.150715;0.7156789
768566001;41.00467;-8.636301;-0.1507319;0.7156665
768566002;41.0066;-8.636276;-0.1507315;0.7157001
768566003;41.00592;-8.635313;-0.1507147;0.7156882
768566004;41.00536;-8.637155;-0.1507468;0.7156785
768572554;41.00414;-8.634477;-0.1507;0.7156572
769290260;40.99465;-8.642105;-0.1508332;0.7154916
769290261;40.99567;-8.644444;-0.150874;0.7155094
769290262;40.99845;-8.646346;-0.1509072;0.7155579
769290263;40.99653;-8.644057;-0.1508673;0.7155245
769290264;40.99532;-8.643126;-0.150851;0.7155034
769290265;40.99873;-8.646441;-0.1509089;0.7155628
769290266;40.99483;-8.644231;-0.1508703;0.7154948
769290268;40.99435;-8.644108;-0.1508681;0.7154863
769290269;40.99559;-8.643193;-0.1508522;0.715508
769290270;40.99585;-8.643259;-0.1508533;0.7155125
769290271;40.99615;-8.643337;-0.1508547;0.7155179
769290272;40.99572;-8.644088;-0.1508678;0.7155104
769290273;40.99662;-8.643457;-0.1508568;0.715526
769290274;40.99907;-8.646343;-0.1509072;0.7155687
769290276;40.99822;-8.64603;-0.1509017;0.7155539
769290277;40.99492;-8.643639;-0.15086;0.7154964
769290278;40.99607;-8.643933;-0.1508651;0.7155163
769290279;40.99443;-8.643514;-0.1508578;0.7154878
769290280;40.99505;-8.644918;-0.1508823;0.7154986
769290281;40.99519;-8.643953;-0.1508655;0.715501
769290288;40.99576;-8.643856;-0.1508638;0.715511
769290289;40.99675;-8.642652;-0.1508427;0.7155282
769290290;40.99452;-8.642923;-0.1508475;0.7154894
769290291;40.99813;-8.64595;-0.1509003;0.7155524
769290292;40.99598;-8.644524;-0.1508754;0.7155148
769290293;40.99642;-8.644635;-0.1508773;0.7155225
769290294;40.99419;-8.645261;-0.1508883;0.7154835
769290295;40.99926;-8.645967;-0.1509006;0.7155721
769290296;40.99501;-8.643049;-0.1508497;0.7154979
769290297;40.99514;-8.644308;-0.1508716;0.7155001
769290298;40.99513;-8.642236;-0.1508355;0.7155
769290299;40.99523;-8.643714;-0.1508613;0.7155017
769290300;40.9957;-8.642392;-0.1508382;0.71551
769314375;41.00828;-8.633997;-0.1506917;0.7157295
769314425;41.00863;-8.634275;-0.1506965;0.7157357
769314426;41.00846;-8.633912;-0.1506902;0.7157327
769314452;41.00855;-8.634282;-0.1506967;0.7157342
769314477;41.00863;-8.634183;-0.1506949;0.7157357
769324550;40.99563;-8.637381;-0.1507507;0.7155088
769324566;40.99421;-8.636993;-0.150744;0.7154838
769324569;40.99558;-8.638241;-0.1507657;0.7155079
769324571;40.99585;-8.634738;-0.1507046;0.7155126
769324640;40.99501;-8.637266;-0.1507487;0.7154979
769324643;40.99296;-8.636912;-0.1507426;0.7154621
769324645;40.99678;-8.638321;-0.1507671;0.7155288
769324649;40.99378;-8.641432;-0.1508214;0.7154765
769324653;40.99126;-8.636798;-0.1507406;0.7154325
769324654;40.99587;-8.638203;-0.1507651;0.7155129
769324656;40.99334;-8.636912;-0.1507426;0.7154688
769324658;40.9958;-8.63699;-0.1507439;0.7155117
769324660;40.99521;-8.637322;-0.1507497;0.7155014
769324663;40.99173;-8.63683;-0.1507411;0.7154406
769324666;40.99549;-8.638229;-0.1507655;0.7155064
769324667;40.99551;-8.637753;-0.1507572;0.7155067
769324672;40.99541;-8.637341;-0.15075;0.7155049
769324673;40.99143;-8.636821;-0.150741;0.7154354
769324674;40.99679;-8.639016;-0.1507793;0.7155289
769324676;40.99369;-8.6369;-0.1507423;0.7154748
769324679;40.99535;-8.638687;-0.1507735;0.7155039
769324680;40.99557;-8.641884;-0.1508293;0.7155077
769324681;40.99582;-8.636726;-0.1507393;0.715512
769324683;40.99449;-8.63706;-0.1507451;0.7154888
769324684;40.99663;-8.638175;-0.1507646;0.7155262
769324685;40.99027;-8.636467;-0.1507348;0.7154152
769324686;40.99193;-8.636867;-0.1507418;0.7154442
769324689;40.99545;-8.638183;-0.1507647;0.7155057
769324690;40.99554;-8.637626;-0.150755;0.7155072
769324695;40.99696;-8.640009;-0.1507966;0.7155319
769324697;40.99597;-8.633915;-0.1506902;0.7155147
769324699;40.99247;-8.640054;-0.1507974;0.7154536
769324700;40.99544;-8.638102;-0.1507633;0.7155054
769324704;40.99467;-8.637136;-0.1507464;0.7154919
769324705;40.9967;-8.638189;-0.1507648;0.7155274
769324707;40.99388;-8.636924;-0.1507428;0.7154781
769324708;40.99586;-8.634478;-0.1507001;0.7155127
769324710;40.99467;-8.641658;-0.1508254;0.7154921
769324711;40.99582;-8.636182;-0.1507298;0.7155121
769324715;40.99217;-8.636894;-0.1507422;0.7154483
769324716;40.99644;-8.64211;-0.1508333;0.7155229
769324717;40.99094;-8.636712;-0.1507391;0.7154269
769324718;40.99676;-8.638245;-0.1507658;0.7155285
771439427;40.99775;-8.634392;-0.1506986;0.7155457
771439442;40.9974;-8.631956;-0.1506561;0.7155396
771439445;40.9976;-8.633286;-0.1506793;0.7155431
771439553;40.99712;-8.634357;-0.150698;0.7155348
771439555;41.00548;-8.634024;-0.1506921;0.7156806
771439564;40.99721;-8.631362;-0.1506457;0.7155362
771439566;40.99774;-8.634304;-0.150697;0.7155456
771439736;40.99753;-8.632776;-0.1506704;0.7155418
771439741;40.99693;-8.634729;-0.1507045;0.7155315
771439747;40.99671;-8.634476;-0.1507;0.7155276
771439750;40.99684;-8.631085;-0.1506409;0.7155298
771440056;40.99699;-8.634558;-0.1507015;0.7155325
771440067;40.99678;-8.634632;-0.1507028;0.7155288
771440084;40.99706;-8.631131;-0.1506416;0.7155337
771440313;40.99754;-8.633087;-0.1506758;0.715542
771440323;40.99701;-8.634512;-0.1507007;0.7155328
771440324;40.99776;-8.634892;-0.1507073;0.7155458
771440347;40.99743;-8.632317;-0.1506623;0.7155401
771440349;40.99685;-8.634658;-0.1507032;0.71553
771440361;40.99695;-8.63442;-0.1506991;0.7155318
771440370;40.99763;-8.635226;-0.1507131;0.7155436
771440373;40.99648;-8.63116;-0.1506422;0.7155235
771440384;40.99683;-8.634539;-0.1507011;0.7155297
771440389;40.99725;-8.631454;-0.1506473;0.715537
771440391;40.99695;-8.634632;-0.1507028;0.7155317
771440396;40.99752;-8.632976;-0.1506739;0.7155417
771440401;40.99678;-8.634675;-0.1507035;0.7155288
771440404;40.99777;-8.634545;-0.1507012;0.7155461
771440416;40.99689;-8.634494;-0.1507003;0.7155308
771440420;40.99741;-8.632042;-0.1506575;0.7155397
771440422;40.99695;-8.634554;-0.1507014;0.7155317
771440423;40.99771;-8.634101;-0.1506935;0.7155451
771440428;40.9972;-8.634422;-0.1506991;0.7155361
771440437;40.99767;-8.633535;-0.1506836;0.7155442
771440467;40.99689;-8.634612;-0.1507024;0.7155308
772873132;41.01254;-8.644616;-0.150877;0.7158039
772873139;41.00978;-8.644943;-0.1508827;0.7157558
772873166;41.01198;-8.644882;-0.1508817;0.7157941
772873213;41.00667;-8.639874;-0.1507942;0.7157014
772873215;41.00904;-8.645391;-0.1508905;0.7157427
772873225;41.01228;-8.644746;-0.1508793;0.7157994
772873236;41.00851;-8.645393;-0.1508906;0.7157336
772873245;41.01174;-8.644942;-0.1508827;0.7157899
772873247;41.00666;-8.638109;-0.1507635;0.7157013
772873249;41.00189;-8.646159;-0.1509039;0.715618
772873273;41.01168;-8.644947;-0.1508828;0.7157888
772873290;41.00188;-8.645768;-0.1508971;0.7156179
772873292;41.0098;-8.644467;-0.1508744;0.7157559
772873294;41.01212;-8.644417;-0.1508735;0.7157965
772873296;41.01104;-8.644917;-0.1508823;0.7157776
772873302;41.00021;-8.646315;-0.1509067;0.7155887
773398374;40.99763;-8.645807;-0.1508978;0.7155436
773398378;40.99784;-8.645862;-0.1508988;0.7155473
773398382;40.99693;-8.645796;-0.1508976;0.7155313
773398387;40.99725;-8.645782;-0.1508974;0.715537
773398397;40.99629;-8.645822;-0.1508981;0.7155202
773398403;40.99636;-8.645838;-0.1508983;0.7155215
773398405;40.9976;-8.643088;-0.1508504;0.7155431
773914542;40.99279;-8.634037;-0.1506924;0.7154592
773914543;40.99723;-8.637385;-0.1507508;0.7155366
773914548;40.99259;-8.632261;-0.1506614;0.7154557
773914551;40.99745;-8.635582;-0.1507193;0.7155405
773914557;40.99258;-8.632768;-0.1506702;0.7154554
773914558;40.99277;-8.63393;-0.1506905;0.7154588
773914565;40.9973;-8.637341;-0.15075;0.7155379
773914572;40.99288;-8.63419;-0.150695;0.7154608
773914574;40.99699;-8.63742;-0.1507514;0.7155325
773914648;40.99257;-8.632605;-0.1506674;0.7154553
773914654;40.99743;-8.63589;-0.1507247;0.7155402
773914723;40.99283;-8.634112;-0.1506937;0.7154598
773914727;40.9971;-8.637414;-0.1507513;0.7155344
773914730;40.99564;-8.636875;-0.1507419;0.7155088
773914733;40.99619;-8.637264;-0.1507487;0.7155185
773914752;40.99261;-8.633019;-0.1506746;0.7154559
773914757;40.9974;-8.637074;-0.1507454;0.7155396
773914770;40.99299;-8.634298;-0.1506969;0.7154626
773914772;40.99685;-8.637397;-0.150751;0.71553
773914781;40.996;-8.63719;-0.1507474;0.7155152
773914799;40.99266;-8.633332;-0.1506801;0.7154568
773914802;40.99735;-8.637281;-0.150749;0.7155387
773914816;40.99606;-8.637224;-0.150748;0.7155162
773914873;40.99257;-8.632462;-0.1506649;0.7154553
773914876;40.99743;-8.635653;-0.1507206;0.7155402
773914877;40.99739;-8.637186;-0.1507473;0.7155394
773935582;41.00398;-8.643867;-0.1508639;0.7156544
893326744;41.0066;-8.644547;-0.1508758;0.7157001
893326746;41.00659;-8.644006;-0.1508664;0.7157
893326752;41.00599;-8.644018;-0.1508666;0.7156896
907121673;40.99688;-8.644329;-0.150872;0.7155305
907121678;40.99646;-8.645405;-0.1508908;0.7155232
907121685;40.99682;-8.644409;-0.1508734;0.7155294
907121692;40.99752;-8.643391;-0.1508556;0.7155417
907121698;40.99724;-8.643702;-0.1508611;0.7155368
907121700;40.99662;-8.645084;-0.1508852;0.715526
907122043;40.99735;-8.644237;-0.1508704;0.7155388
907122044;40.99661;-8.645533;-0.150893;0.7155258
907122046;40.99669;-8.644746;-0.1508793;0.7155273
907122052;40.9974;-8.643995;-0.1508662;0.7155396
907122057;40.99676;-8.644511;-0.1508752;0.7155285
907122144;40.99741;-8.643749;-0.1508619;0.7155398
907122147;40.99692;-8.64474;-0.1508792;0.7155312
907122149;40.99656;-8.645251;-0.1508881;0.7155249
907122152;40.99716;-8.643989;-0.1508661;0.7155355
907122157;40.99713;-8.643678;-0.1508606;0.7155349
907122159;40.99728;-8.644335;-0.1508721;0.7155374
907122169;40.99723;-8.644884;-0.1508817;0.7155367
907122171;40.99667;-8.6449;-0.150882;0.7155268
907122172;40.99739;-8.644125;-0.1508684;0.7155395
907122269;40.99684;-8.645147;-0.1508863;0.7155298
907122270;40.99752;-8.643782;-0.1508625;0.7155417
907122271;40.99697;-8.644225;-0.1508702;0.7155322
907122275;40.99711;-8.644442;-0.150874;0.7155346
907122278;40.9969;-8.644802;-0.1508803;0.7155309
907122284;40.99739;-8.642819;-0.1508457;0.7155395
907122287;40.997;-8.644583;-0.1508764;0.7155326
907122289;40.99688;-8.644952;-0.1508829;0.7155305
907122290;40.99726;-8.643626;-0.1508597;0.7155371
907122667;40.99711;-8.644093;-0.1508679;0.7155345
907122670;40.99667;-8.64558;-0.1508938;0.7155268
907122672;40.99669;-8.644705;-0.1508786;0.7155273
907122674;40.9974;-8.643805;-0.1508628;0.7155396
907122676;40.99678;-8.645332;-0.1508895;0.7155287
907146393;41.00666;-8.63888;-0.1507769;0.7157013
907146396;41.00593;-8.638124;-0.1507637;0.7156885
907146404;41.00593;-8.638877;-0.1507768;0.7156885
913122983;41.01456;-8.639795;-0.1507929;0.7158392
913123005;40.99588;-8.633666;-0.1506859;0.7155131
913123040;41.01443;-8.639797;-0.1507929;0.7158369
920574634;40.9943;-8.644415;-0.1508735;0.7154856
920574714;40.99479;-8.644544;-0.1508757;0.715494
926017876;41.00165;-8.643847;-0.1508636;0.7156138
926017890;41.00206;-8.643208;-0.1508524;0.715621
926017891;41.00189;-8.643217;-0.1508526;0.715618
926784996;40.99965;-8.642864;-0.1508464;0.7155788
926784999;40.99958;-8.642893;-0.1508469;0.7155776
926785001;40.99969;-8.642804;-0.1508454;0.7155795
926785002;40.99975;-8.642599;-0.1508418;0.7155806
926828793;41.00908;-8.645376;-0.1508903;0.7157434
926828796;41.00911;-8.645343;-0.1508897;0.7157439
1108285755;41.00396;-8.635377;-0.1507158;0.7156541
1163609297;41.01256;-8.644439;-0.1508739;0.7158042
1163609324;41.01258;-8.644526;-0.1508754;0.7158045
1163609435;41.01257;-8.644568;-0.1508762;0.7158044
1163609472;41.01254;-8.644405;-0.1508733;0.7158037
1163609511;41.01257;-8.644473;-0.1508745;0.7158045
1163609518;41.01165;-8.644437;-0.1508739;0.7157883
1163690602;41.00129;-8.635548;-0.1507187;0.7156074
1163690603;40.99873;-8.635404;-0.1507162;0.7155628
1163690604;41.00074;-8.638066;-0.1507627;0.715598
1163690605;40.99878;-8.633722;-0.1506869;0.7155636
1163690606;41.01174;-8.637905;-0.1507599;0.7157899
1163690608;41.0015;-8.635029;-0.1507097;0.7156111
1163690609;41.0004;-8.638057;-0.1507625;0.715592
1163690610;40.99903;-8.632978;-0.1506739;0.7155681
1163690612;41.0111;-8.643702;-0.1508611;0.7157788
1163690613;41.0004;-8.63502;-0.1507095;0.7155919
1163690614;40.99872;-8.636058;-0.1507276;0.7155626
1163690616;41.01274;-8.634433;-0.1506993;0.7158074
1163690617;40.99876;-8.63393;-0.1506905;0.7155633
1163690618;41.00125;-8.63526;-0.1507137;0.7156068
1163690619;41.00053;-8.638145;-0.1507641;0.7155942
1163690622;40.99871;-8.634381;-0.1506984;0.7155626
1163690623;40.99899;-8.633121;-0.1506764;0.7155674
1163690625;41.01105;-8.640294;-0.1508016;0.7157779
1163690626;41.00121;-8.636164;-0.1507295;0.7156062
1163690631;41.00091;-8.635216;-0.150713;0.7156008
1163690632;40.9987;-8.636339;-0.1507325;0.7155623
1163690641;40.99913;-8.632448;-0.1506646;0.7155699
1163690643;41.0106;-8.642805;-0.1508454;0.7157701
1163690644;41.0013;-8.635204;-0.1507127;0.7156076
1163690645;40.99872;-8.634295;-0.1506969;0.7155626
1163690646;41.00128;-8.635323;-0.1507148;0.7156073
1163690647;41.00068;-8.638198;-0.150765;0.7155969
1163690648;40.99871;-8.634485;-0.1507002;0.7155626
1163690650;40.99884;-8.633419;-0.1506816;0.7155647
1163690651;40.99891;-8.633279;-0.1506791;0.715566
1163690653;41.01223;-8.636826;-0.150741;0.7157985
1163690654;41.00121;-8.636333;-0.1507325;0.715606
1163690655;41.00108;-8.635244;-0.1507134;0.7156039
1163690656;40.99873;-8.634131;-0.150694;0.7155628
1163690657;41.00121;-8.638097;-0.1507632;0.715606
1163690659;41.0003;-8.637893;-0.1507597;0.7155902
1163690660;41.01043;-8.64338;-0.1508554;0.715767
1163690664;41.01173;-8.638021;-0.1507619;0.7157898
1163690665;41.00129;-8.635395;-0.1507161;0.7156076
1163690666;40.99871;-8.634783;-0.1507054;0.7155624
1163690667;41.00056;-8.638028;-0.150762;0.7155948
1163690668;40.99876;-8.634487;-0.1507002;0.7155634
1163690671;40.99879;-8.633606;-0.1506848;0.715564
1163690674;41.01274;-8.634915;-0.1507077;0.7158073
1163690676;41.00009;-8.637792;-0.1507579;0.7155866
1163690679;41.00118;-8.635251;-0.1507136;0.7156056
1163690681;40.99907;-8.63276;-0.1506701;0.7155687
1163690686;41.00041;-8.637978;-0.1507612;0.7155921
1163701458;41.00452;-8.634035;-0.1506923;0.7156639
1163754317;41.01034;-8.637931;-0.1507603;0.7157655
1163754341;41.00941;-8.637947;-0.1507606;0.7157492
1163754346;41.01035;-8.63804;-0.1507622;0.7157657
1163754363;41.00941;-8.638062;-0.1507626;0.7157493
1163754367;41.01107;-8.637918;-0.1507601;0.7157781
1163754421;41.01031;-8.63558;-0.1507193;0.715765
1163754802;41.01099;-8.63497;-0.1507086;0.7157769
1163754835;41.00434;-8.644046;-0.1508671;0.7156608
1163754840;41.01072;-8.63463;-0.1507027;0.715772
1163754847;41.01013;-8.634601;-0.1507022;0.7157618
1163754851;41.0072;-8.634004;-0.1506918;0.7157106
1252555546;41.01253;-8.643975;-0.1508658;0.7158037
1252555549;41.01358;-8.643003;-0.1508489;0.715822
1252555550;41.01364;-8.643001;-0.1508488;0.7158231
1252555690;41.00964;-8.643402;-0.1508558;0.7157533
1252555691;41.00872;-8.644025;-0.1508667;0.7157372
1254092794;41.01619;-8.639809;-0.1507931;0.7158676
1254092796;41.02459;-8.642836;-0.1508459;0.7160141
1254092799;41.0168;-8.639905;-0.1507948;0.7158782
1254092800;41.02541;-8.642973;-0.1508483;0.7160285
1254092804;41.02502;-8.64293;-0.1508476;0.7160216
1254092808;41.01654;-8.639853;-0.1507939;0.7158737
1254092811;41.02617;-8.64291;-0.1508472;0.7160417
1254092814;41.01713;-8.639998;-0.1507964;0.715884
1254092816;41.02579;-8.642962;-0.1508482;0.7160351
1254092819;41.02431;-8.642744;-0.1508443;0.7160094
1254092822;41.02258;-8.642084;-0.1508328;0.7159792
1254092826;41.02654;-8.642808;-0.1508455;0.7160481
1254092829;41.02491;-8.642909;-0.1508472;0.7160197
1254096868;41.01345;-8.63483;-0.1507062;0.7158197
1254096881;41.01395;-8.637463;-0.1507522;0.7158284
1254096883;41.01329;-8.63509;-0.1507107;0.7158169
1254096892;41.0132;-8.636468;-0.1507348;0.7158154
1254096898;41.01413;-8.637414;-0.1507513;0.7158315
1254096920;41.0131;-8.636061;-0.1507277;0.7158136
1254096930;41.01389;-8.637288;-0.1507491;0.7158275
1254096941;41.01315;-8.636326;-0.1507323;0.7158145
1254096947;41.01378;-8.637124;-0.1507463;0.7158255
1254096952;41.01316;-8.635426;-0.1507166;0.7158147
1254096955;41.01307;-8.635883;-0.1507246;0.7158132
1254096958;41.01332;-8.636628;-0.1507376;0.7158174
1254096959;41.01401;-8.637557;-0.1507538;0.7158295
1257471273;41.00965;-8.644257;-0.1508707;0.7157535
1257471275;41.00972;-8.644067;-0.1508674;0.7157546
1257471276;41.0096;-8.644052;-0.1508672;0.7157525
1257471277;41.00965;-8.64435;-0.1508724;0.7157534
1257471278;41.00959;-8.644019;-0.1508666;0.7157524
1257471279;41.00945;-8.644253;-0.1508707;0.7157499
1257471281;41.00946;-8.644436;-0.1508739;0.7157501
1257471282;41.00955;-8.644483;-0.1508747;0.7157516
1257471283;41.00959;-8.644464;-0.1508743;0.7157524
1257471284;41.00972;-8.644476;-0.1508746;0.7157546
1257471285;41.00965;-8.644164;-0.1508691;0.7157534
1257471286;41.00956;-8.644032;-0.1508668;0.7157518
1257471287;41.00964;-8.644012;-0.1508665;0.7157533
1257471288;41.00944;-8.644353;-0.1508724;0.7157498
1257471289;41.00963;-8.644083;-0.1508677;0.715753
1257471290;41.00943;-8.644049;-0.1508671;0.7157495
1257471291;41.00946;-8.64409;-0.1508678;0.7157501
1257471292;41.00937;-8.644473;-0.1508745;0.7157484
1257471293;41.00949;-8.644474;-0.1508745;0.7157506
1257471295;41.0098;-8.644012;-0.1508665;0.7157561
1257471296;41.00945;-8.644151;-0.1508689;0.7157499
1257471297;41.00963;-8.644425;-0.1508737;0.715753
1257471298;41.00951;-8.644034;-0.1508669;0.7157509
1257479068;40.99555;-8.637351;-0.1507502;0.7155074
1257479074;40.99581;-8.636894;-0.1507422;0.7155119
1257479076;40.99588;-8.634271;-0.1506965;0.7155132
1257479092;40.99845;-8.640004;-0.1507965;0.7155579
1257479105;40.99982;-8.642106;-0.1508332;0.7155818
1257479114;40.99572;-8.638214;-0.1507653;0.7155102
1257479121;40.99585;-8.635623;-0.1507201;0.7155126
1257479122;40.99592;-8.634087;-0.1506932;0.7155138
1257484862;41.00238;-8.636317;-0.1507322;0.7156266
1258977007;40.99864;-8.643147;-0.1508514;0.7155613
1258977010;40.99852;-8.643966;-0.1508657;0.7155592
1258990806;40.9967;-8.645523;-0.1508928;0.7155274
1258990823;40.99672;-8.645643;-0.1508949;0.7155278
1258990837;40.99755;-8.643165;-0.1508517;0.7155423
1258990839;40.99707;-8.64495;-0.1508828;0.7155339
1258990844;40.99649;-8.645795;-0.1508976;0.7155237
1258990862;40.99706;-8.644836;-0.1508809;0.7155336
1258990864;40.99757;-8.643112;-0.1508508;0.7155426
1258990866;40.99708;-8.645001;-0.1508837;0.715534
1258990879;40.99707;-8.644897;-0.1508819;0.7155339
1258990884;40.99702;-8.645484;-0.1508922;0.7155329
1258990894;40.99678;-8.644771;-0.1508797;0.7155287
1258990903;40.99652;-8.645456;-0.1508917;0.7155242
1258990907;40.99762;-8.643109;-0.1508507;0.7155435
1259660005;40.99714;-8.645159;-0.1508865;0.715535
1259660049;40.99807;-8.645389;-0.1508905;0.7155513
1259665597;41.00047;-8.642207;-0.150835;0.7155933
1259665639;41.00054;-8.642379;-0.150838;0.7155944
1259707392;40.99738;-8.643742;-0.1508618;0.7155393
1259796043;40.99728;-8.643714;-0.1508613;0.7155374
1282185247;40.99585;-8.642269;-0.1508361;0.7155125
1309227889;41.01442;-8.636194;-0.15073;0.7158367
1309227895;41.01422;-8.63451;-0.1507006;0.7158331
1309227915;41.01329;-8.637105;-0.1507459;0.715817
1309227921;41.01329;-8.636249;-0.150731;0.715817
1309227923;41.0134;-8.637953;-0.1507607;0.7158189
1309227935;41.02019;-8.641159;-0.1508167;0.7159373
1309227957;41.01254;-8.635631;-0.1507202;0.7158039
1309227967;41.01274;-8.636547;-0.1507362;0.7158074
1309227986;41.01484;-8.639803;-0.150793;0.715844
1309228043;41.01566;-8.639177;-0.1507821;0.7158582
1309228061;41.0145;-8.639679;-0.1507908;0.7158381
1309228085;41.01363;-8.638387;-0.1507683;0.7158229
1309228140;41.01375;-8.637978;-0.1507612;0.715825
1309228164;41.01241;-8.636518;-0.1507357;0.7158015
1309228183;41.01442;-8.64303;-0.1508493;0.7158367
1309228237;41.01521;-8.636189;-0.1507299;0.7158504
1309228400;41.01412;-8.635522;-0.1507183;0.7158314
1309228781;41.01746;-8.63964;-0.1507902;0.7158896
1309228915;41.01666;-8.634714;-0.1507042;0.7158758
1309228921;41.013;-8.63776;-0.1507574;0.715812
1309228928;41.01825;-8.639927;-0.1507952;0.7159035
1309229119;41.01512;-8.637264;-0.1507487;0.7158489
1309229354;41.01346;-8.635061;-0.1507103;0.71582
1309229903;41.01376;-8.635729;-0.1507219;0.7158251
1309229973;41.01356;-8.637891;-0.1507596;0.7158217
1309229987;41.01424;-8.63766;-0.1507556;0.7158336
1309230079;41.01368;-8.638151;-0.1507642;0.7158237
1309230278;41.01741;-8.639625;-0.1507899;0.7158889
1309230285;41.01321;-8.637925;-0.1507602;0.7158155
1309230711;41.01517;-8.64187;-0.1508291;0.7158498
1309230959;41.01521;-8.637704;-0.1507564;0.7158505
1309230976;41.01523;-8.634624;-0.1507026;0.7158508
1309231201;41.01486;-8.640666;-0.1508081;0.7158443
1309231222;41.01419;-8.634699;-0.1507039;0.7158327
1309231230;41.02383;-8.642558;-0.1508411;0.7160009
1309231395;41.01388;-8.638302;-0.1507668;0.7158272
1309231587;41.01494;-8.642196;-0.1508348;0.7158457
1309231906;41.01283;-8.63713;-0.1507463;0.7158089
1309231926;41.01572;-8.63495;-0.1507083;0.7158593
1309232092;41.01442;-8.63685;-0.1507415;0.7158366
1309232325;41.01412;-8.634688;-0.1507037;0.7158314
1309232712;41.01287;-8.635964;-0.150726;0.7158097
1309232813;41.01338;-8.63717;-0.150747;0.7158185
1309232945;41.01346;-8.636545;-0.1507362;0.7158199
1309233018;41.02029;-8.640566;-0.1508063;0.7159391
1309233099;41.01266;-8.63555;-0.1507188;0.7158059
1309233104;41.01277;-8.636317;-0.1507322;0.7158079
1309233302;41.01563;-8.639018;-0.1507793;0.7158577
1309233324;41.01451;-8.639977;-0.1507961;0.7158383
1309233408;41.01354;-8.638355;-0.1507677;0.7158213
1309233728;41.01238;-8.636011;-0.1507268;0.7158011
1309233733;41.0142;-8.643194;-0.1508522;0.7158329
1309233876;41.01522;-8.635721;-0.1507218;0.7158506
1309234072;41.01289;-8.636724;-0.1507393;0.71581
1309234332;41.01522;-8.635485;-0.1507176;0.7158507
1309235206;41.0173;-8.639589;-0.1507893;0.715887
1309235378;41.01337;-8.635197;-0.1507126;0.7158183
1309235582;41.01385;-8.635326;-0.1507149;0.7158267
1309235666;41.01438;-8.638029;-0.1507621;0.715836
1309235846;41.01371;-8.638238;-0.1507657;0.7158243
1309236553;41.01512;-8.63711;-0.150746;0.7158489
1309236759;41.01418;-8.634623;-0.1507026;0.7158324
1309236924;41.01381;-8.638456;-0.1507695;0.7158259
1309237173;41.01503;-8.642159;-0.1508341;0.7158473
1309237340;41.0127;-8.637065;-0.1507452;0.7158067
1309237414;41.01603;-8.634851;-0.1507066;0.7158647
1309237418;41.01297;-8.637546;-0.1507536;0.7158113
1309237517;41.01442;-8.63723;-0.1507481;0.7158367
1309237613;41.01404;-8.63475;-0.1507048;0.71583
1309238029;41.01278;-8.635587;-0.1507194;0.715808
1309238353;41.01376;-8.636207;-0.1507302;0.7158251
1309238369;41.01344;-8.637301;-0.1507494;0.7158195
1309238548;41.01364;-8.636766;-0.15074;0.7158231
1309238695;41.01342;-8.638076;-0.1507629;0.7158193
1309239090;41.01287;-8.636065;-0.1507278;0.7158097
1309239308;41.01555;-8.6388;-0.1507755;0.7158564
1309239476;41.01457;-8.640391;-0.1508033;0.7158393
1309239487;41.01348;-8.638279;-0.1507664;0.7158203
1309239651;41.01385;-8.638097;-0.1507632;0.7158267
1309239823;41.01245;-8.635728;-0.1507219;0.7158024
1309239836;41.01411;-8.643269;-0.1508535;0.7158313
1309239840;41.01524;-8.633362;-0.1506806;0.7158509
1309239943;41.01523;-8.63543;-0.1507167;0.7158508
1309239946;41.01284;-8.636806;-0.1507407;0.715809
1309240755;41.02643;-8.642844;-0.1508461;0.7160463
1309241225;41.01327;-8.635492;-0.1507178;0.7158166
1309242188;41.0157;-8.639792;-0.1507928;0.7158591
1309242367;41.01445;-8.638398;-0.1507685;0.7158372
1309242516;41.0137;-8.638303;-0.1507668;0.7158241
1309243015;41.01258;-8.636791;-0.1507404;0.7158046
1309243093;41.01481;-8.642694;-0.1508435;0.7158435
1309243102;41.0143;-8.633591;-0.1506846;0.7158346
1309243248;41.01522;-8.641369;-0.1508203;0.7158506
1309243266;41.01516;-8.636901;-0.1507424;0.7158496
1309243906;41.01301;-8.639055;-0.15078;0.7158121
1309243943;41.01511;-8.642175;-0.1508344;0.7158486
1309244290;41.01624;-8.639256;-0.1507834;0.7158684
1309244536;41.01633;-8.63478;-0.1507053;0.7158701
1309244724;41.01448;-8.637287;-0.1507491;0.7158377
1309245084;41.02168;-8.641739;-0.1508268;0.7159633
1309245880;41.01372;-8.636175;-0.1507297;0.7158244
1309245926;41.01348;-8.637612;-0.1507548;0.7158203
1309246348;41.01389;-8.637026;-0.1507445;0.7158273
1309246372;41.01361;-8.638103;-0.1507633;0.7158226
1309246546;41.01306;-8.637843;-0.1507588;0.7158129
1309246956;41.01541;-8.63847;-0.1507697;0.715854
1309247172;41.01464;-8.640513;-0.1508054;0.7158405
1309247589;41.01301;-8.638937;-0.1507779;0.7158121
1309247607;41.01396;-8.642714;-0.1508438;0.7158287
1309247956;41.01539;-8.635179;-0.1507123;0.7158536
1309247964;41.01284;-8.636909;-0.1507425;0.7158092
1309248194;41.01523;-8.640848;-0.1508113;0.7158508
1309248431;41.01425;-8.634237;-0.1506959;0.7158337
1309248656;41.01252;-8.635672;-0.1507209;0.7158036
1309249261;41.01321;-8.637113;-0.150746;0.7158156
1309249463;41.01323;-8.635838;-0.1507238;0.7158158
1309249775;41.01276;-8.636682;-0.1507385;0.7158076
1309250676;41.01569;-8.63958;-0.1507891;0.7158588
1309250814;41.01447;-8.638766;-0.1507749;0.7158375
1309251224;41.01366;-8.638354;-0.1507677;0.7158235
1309252064;41.01243;-8.636616;-0.1507374;0.7158019
1309252344;41.01468;-8.642831;-0.1508459;0.7158412
1309252725;41.01519;-8.636741;-0.1507396;0.7158501
1309252959;41.01522;-8.64027;-0.1508012;0.7158507
1309253583;41.01685;-8.63944;-0.1507867;0.7158791
1309253590;41.01263;-8.636983;-0.1507438;0.7158054
1309253603;41.01656;-8.634743;-0.1507047;0.7158741
1309253649;41.01815;-8.640382;-0.1508031;0.7159018
1309253656;41.01507;-8.637256;-0.1507486;0.715848
1309253702;41.01382;-8.634844;-0.1507065;0.7158263
1309254088;41.01373;-8.635885;-0.1507246;0.7158247
1309254295;41.01357;-8.637816;-0.1507583;0.7158219
1309255509;41.01532;-8.638164;-0.1507644;0.7158524
1309255513;41.01457;-8.634624;-0.1507026;0.7158393
1309255632;41.01476;-8.640616;-0.1508072;0.7158426
1309255648;41.01405;-8.636197;-0.1507301;0.7158303
1309255764;41.01389;-8.638211;-0.1507652;0.7158273
1309255907;41.01403;-8.642679;-0.1508432;0.7158298
1309256103;41.01294;-8.637125;-0.1507463;0.7158108
1309256142;41.01557;-8.635028;-0.1507097;0.7158567
1309256150;41.01302;-8.637245;-0.1507484;0.7158122
1309555798;41.00886;-8.634182;-0.1506949;0.7157397
1342089826;40.99703;-8.631106;-0.1506412;0.7155332
1502290200;41.00177;-8.64347;-0.150857;0.7156158
1524892962;41.01043;-8.64493;-0.1508825;0.715767
1524892964;41.01043;-8.644457;-0.1508742;0.7157671
1524892971;41.01104;-8.64445;-0.1508741;0.7157777
1524901217;41.00937;-8.644011;-0.1508665;0.7157485
1524901218;41.00942;-8.644423;-0.1508736;0.7157494
1524901219;41.00942;-8.643989;-0.1508661;0.7157494
1524901220;41.00948;-8.644004;-0.1508663;0.7157504
1524901221;41.00967;-8.644402;-0.1508733;0.7157537
1524901222;41.00967;-8.644126;-0.1508685;0.7157539
1524901223;41.0097;-8.64444;-0.1508739;0.7157544
1547680294;41.00596;-8.644082;-0.1508677;0.7156891
1547680300;41.00597;-8.644515;-0.1508753;0.7156891
1547680415;41.00859;-8.643927;-0.150865;0.715735
1547680416;41.00868;-8.643843;-0.1508635;0.7157365
1547680417;41.00864;-8.643994;-0.1508662;0.7157357
1563324298;41.00983;-8.6442;-0.1508698;0.7157565
1563324299;41.00989;-8.644156;-0.150869;0.7157576
1563324304;41.01197;-8.644134;-0.1508686;0.7157938
1563324306;41.01236;-8.644128;-0.1508685;0.7158006
1563324309;41.01255;-8.644108;-0.1508681;0.715804
1563324310;41.01265;-8.644072;-0.1508675;0.7158058
1563324312;41.01267;-8.643973;-0.1508658;0.7158062
1563326049;41.00592;-8.639162;-0.1507818;0.7156884
1563326054;41.00666;-8.639156;-0.1507817;0.7157013
1563326055;41.00721;-8.639693;-0.1507911;0.7157109
1563326056;41.00721;-8.639121;-0.1507811;0.7157109
1563326057;41.00742;-8.639865;-0.1507941;0.7157146
1563326058;41.00742;-8.639693;-0.1507911;0.7157146
1563326059;41.00743;-8.63912;-0.1507811;0.7157146
1563339998;41.00914;-8.64233;-0.1508371;0.7157446
1563339999;41.00918;-8.642298;-0.1508366;0.7157453
1563340000;41.00977;-8.643321;-0.1508544;0.7157556
1563340001;41.01009;-8.642854;-0.1508463;0.715761
1564682239;41.01315;-8.643941;-0.1508652;0.7158144
1564682242;41.01327;-8.6439;-0.1508645;0.7158166
1564682243;41.01347;-8.643799;-0.1508628;0.7158201
1564682246;41.01362;-8.64369;-0.1508608;0.7158227
1564682247;41.01381;-8.64352;-0.1508579;0.7158261
1564682255;41.01453;-8.640201;-0.1507999;0.7158386
1564682265;41.01492;-8.640647;-0.1508077;0.7158454
1564682267;41.01494;-8.642515;-0.1508403;0.7158457
1564682270;41.01495;-8.639799;-0.1507929;0.7158458
1564682271;41.01495;-8.640729;-0.1508092;0.7158459
1564682273;41.01499;-8.640631;-0.1508075;0.7158466
1564682275;41.015;-8.639866;-0.1507941;0.7158467
1564682277;41.01505;-8.639819;-0.1507933;0.7158476
1564682283;41.01505;-8.640609;-0.1508071;0.7158477
1564682285;41.01506;-8.640801;-0.1508104;0.7158478
1564682287;41.0151;-8.639948;-0.1507955;0.7158486
1564682294;41.01511;-8.639822;-0.1507933;0.7158486
1564682296;41.01511;-8.640809;-0.1508106;0.7158488
1564682297;41.01511;-8.640872;-0.1508117;0.7158488
1564682299;41.01512;-8.639916;-0.150795;0.7158489
1564682300;41.01513;-8.639865;-0.1507941;0.715849
1564682303;41.01513;-8.640544;-0.1508059;0.715849
1564682306;41.01513;-8.639983;-0.1507962;0.715849
1564682307;41.01513;-8.640623;-0.1508073;0.715849
1564682310;41.01514;-8.642039;-0.150832;0.7158493
1564682311;41.01514;-8.64002;-0.1507968;0.7158493
1564682319;41.01515;-8.639814;-0.1507932;0.7158495
1564682320;41.01517;-8.640964;-0.1508133;0.7158498
1564682322;41.01517;-8.640052;-0.1507974;0.7158498
1564682330;41.01518;-8.640471;-0.1508047;0.71585
1564682331;41.01518;-8.640773;-0.1508099;0.71585
1564682333;41.01519;-8.639782;-0.1507926;0.7158501
1564682334;41.01519;-8.640659;-0.150808;0.7158501
1564682335;41.0152;-8.641635;-0.150825;0.7158503
1564682336;41.01522;-8.641185;-0.1508171;0.7158507
1564682337;41.01522;-8.640071;-0.1507977;0.7158507
1564682339;41.01523;-8.640362;-0.1508028;0.7158508
1564682344;41.01523;-8.640713;-0.1508089;0.7158508
1564682346;41.01524;-8.639771;-0.1507924;0.7158509
1564682347;41.01527;-8.640061;-0.1507975;0.7158515
1564682349;41.01528;-8.639786;-0.1507927;0.7158517
1564682350;41.0153;-8.640033;-0.150797;0.7158521
1564682351;41.01532;-8.639822;-0.1507933;0.7158523
1564682353;41.01533;-8.639988;-0.1507962;0.7158526
1564682354;41.01534;-8.639865;-0.1507941;0.7158526
1564682356;41.01534;-8.639923;-0.1507951;0.7158528
1564682366;41.01539;-8.639757;-0.1507922;0.7158536
1564682368;41.01539;-8.639921;-0.1507951;0.7158536
1564682370;41.01545;-8.639882;-0.1507944;0.7158546
1564682372;41.01551;-8.639852;-0.1507939;0.7158557
1564682374;41.0156;-8.639755;-0.1507922;0.7158573
1564682380;41.01564;-8.639833;-0.1507935;0.715858
1564682382;41.01564;-8.639755;-0.1507922;0.715858
1564682388;41.01568;-8.639795;-0.1507929;0.7158586
1595004587;41.01059;-8.638037;-0.1507622;0.7157698
1595004591;41.01065;-8.638181;-0.1507647;0.7157708
1595004593;41.01072;-8.638185;-0.1507648;0.7157722
1595004596;41.01081;-8.638336;-0.1507674;0.7157737
1595004599;41.01083;-8.638191;-0.1507649;0.715774
1595004601;41.01083;-8.638352;-0.1507677;0.7157741
1595004603;41.01086;-8.638033;-0.1507621;0.7157746
1595004604;41.01095;-8.638189;-0.1507648;0.7157761
1595004606;41.01108;-8.638187;-0.1507648;0.7157784
1595004609;41.0111;-8.638347;-0.1507676;0.7157788
1595004611;41.01114;-8.638308;-0.1507669;0.7157794
1595004612;41.01114;-8.63825;-0.1507659;0.7157794
1602335208;40.99648;-8.645855;-0.1508986;0.7155235
1602335209;40.99735;-8.642338;-0.1508372;0.7155387
1602335210;40.99743;-8.640007;-0.1507966;0.7155401
1602335212;41.00159;-8.643904;-0.1508646;0.7156128
1602335216;41.00217;-8.643014;-0.150849;0.7156229
1602346487;41.00238;-8.636567;-0.1507365;0.7156265
1602346489;41.00398;-8.645865;-0.1508988;0.7156545
1602346501;41.00463;-8.644551;-0.1508759;0.7156658
1602346510;41.0047;-8.64584;-0.1508984;0.715667
1635359411;41.00797;-8.645607;-0.1508943;0.7157241
1635359415;41.008;-8.645628;-0.1508947;0.7157246
1635359418;41.00821;-8.645622;-0.1508946;0.7157282
1635359420;41.00838;-8.63442;-0.1506991;0.7157312
1635359422;41.01046;-8.634542;-0.1507012;0.7157676
1635371326;41.00659;-8.644065;-0.1508674;0.7157
1635371328;41.0066;-8.644526;-0.1508754;0.7157001
1635378979;41.00733;-8.645955;-0.1509004;0.715713
1635381594;41.01165;-8.644902;-0.150882;0.7157883
1635381596;41.01166;-8.644935;-0.1508826;0.7157885
1635405517;41.00921;-8.639333;-0.1507848;0.7157458
1635405519;41.00921;-8.639432;-0.1507865;0.7157458
1635405529;41.0093;-8.639431;-0.1507865;0.7157472
1635405530;41.0093;-8.639332;-0.1507848;0.7157474
1635405532;41.00934;-8.639379;-0.1507856;0.715748
1635405538;41.00941;-8.639378;-0.1507856;0.7157492
1635406837;41.00822;-8.642955;-0.150848;0.7157284
1635406838;41.00825;-8.642321;-0.1508369;0.7157289
1645705576;40.99581;-8.642313;-0.1508368;0.7155118
1645705585;40.99584;-8.642322;-0.150837;0.7155123
1645705626;40.99688;-8.644797;-0.1508802;0.7155306
1645705807;41.0018;-8.6434;-0.1508558;0.7156164
1645705851;41.00232;-8.64644;-0.1509088;0.7156255
1645705880;41.00266;-8.646193;-0.1509045;0.7156315
1645705881;41.00266;-8.64642;-0.1509085;0.7156315
1645705882;41.00297;-8.64628;-0.1509061;0.7156368
1645705884;41.00297;-8.646401;-0.1509082;0.7156368
1645706012;41.00836;-8.634234;-0.1506958;0.7157309
1645706015;41.00837;-8.634185;-0.150695;0.7157311
1645706019;41.00837;-8.634285;-0.1506967;0.7157311
1645706022;41.00839;-8.634142;-0.1506942;0.7157314
1645706025;41.00839;-8.634327;-0.1506974;0.7157314
1645706033;41.00843;-8.634439;-0.1506994;0.7157322
1645706035;41.00846;-8.634102;-0.1506935;0.7157327
1645706038;41.00846;-8.634364;-0.1506981;0.7157327
1645706041;41.0085;-8.634427;-0.1506992;0.7157333
1645706060;41.0085;-8.634111;-0.1506937;0.7157333
1645706064;41.0085;-8.634354;-0.1506979;0.7157333
1645706067;41.00853;-8.634139;-0.1506942;0.7157339
1645706071;41.00853;-8.634325;-0.1506974;0.7157339
1645706074;41.00856;-8.634232;-0.1506958;0.7157344
1645706181;41.00929;-8.645993;-0.150901;0.7157472
1645706183;41.00937;-8.646411;-0.1509083;0.7157484
1645706187;41.00938;-8.646858;-0.1509161;0.7157487
1645706188;41.00939;-8.646286;-0.1509062;0.7157489
1645706190;41.00939;-8.646411;-0.1509083;0.7157489
1645706196;41.00944;-8.645984;-0.1509009;0.7157498
1645706227;41.00946;-8.646011;-0.1509014;0.7157501
1645706228;41.00946;-8.64605;-0.150902;0.7157501
1645706229;41.00948;-8.646254;-0.1509056;0.7157504
1645706230;41.00948;-8.646414;-0.1509084;0.7157504
1645706263;41.00966;-8.646403;-0.1509082;0.7157536
1645706273;41.01003;-8.645945;-0.1509002;0.71576
1645706299;41.01005;-8.645825;-0.1508981;0.7157604
1645706304;41.01012;-8.646026;-0.1509016;0.7157615
1645706307;41.01012;-8.645896;-0.1508994;0.7157615
1645706322;41.01025;-8.645776;-0.1508972;0.715764
1645706443;41.01302;-8.644345;-0.1508723;0.7158121
1645706497;41.01339;-8.644232;-0.1508703;0.7158188
1645706503;41.01349;-8.644391;-0.1508731;0.7158204
1645706507;41.0135;-8.644167;-0.1508692;0.7158207
1645706569;41.01436;-8.644366;-0.1508726;0.7158356
1645706571;41.01442;-8.644304;-0.1508716;0.7158366
1645706577;41.01467;-8.643888;-0.1508643;0.7158411
1645706579;41.01474;-8.643782;-0.1508625;0.7158422
1645706581;41.0149;-8.643525;-0.150858;0.715845
1645706582;41.01491;-8.64359;-0.1508591;0.7158452
1645706585;41.015;-8.644356;-0.1508725;0.7158468
1645706615;41.01504;-8.644285;-0.1508712;0.7158475
1645706617;41.01506;-8.643549;-0.1508584;0.7158478
1645706618;41.01522;-8.644996;-0.1508836;0.7158507
1645706620;41.01522;-8.643462;-0.1508569;0.7158507
1645706621;41.01524;-8.64328;-0.1508537;0.7158511
1645706622;41.01535;-8.643376;-0.1508554;0.7158529
1645706623;41.01538;-8.644262;-0.1508708;0.7158535
1645706624;41.0154;-8.644176;-0.1508693;0.7158538
1645706625;41.01544;-8.643308;-0.1508542;0.7158545
1645706627;41.01545;-8.644001;-0.1508663;0.7158546
1645706630;41.01545;-8.643978;-0.1508659;0.7158546
1645706634;41.01548;-8.643958;-0.1508655;0.7158551
1645706638;41.01548;-8.64192;-0.15083;0.7158551
1645706641;41.01553;-8.643974;-0.1508658;0.715856
1645706645;41.01554;-8.642187;-0.1508346;0.7158562
1645706670;41.01557;-8.642339;-0.1508373;0.7158568
1645706674;41.01559;-8.643162;-0.1508516;0.7158571
1645706683;41.01563;-8.642958;-0.1508481;0.7158579
1645706688;41.01565;-8.644855;-0.1508812;0.7158582
1645706693;41.01566;-8.642694;-0.1508435;0.7158583
1645706696;41.0157;-8.642853;-0.1508462;0.7158591
1645706699;41.01572;-8.642999;-0.1508488;0.7158594
1645706702;41.01572;-8.64291;-0.1508472;0.7158594
1645706706;41.01597;-8.643779;-0.1508624;0.7158637
1645706718;41.01634;-8.644383;-0.1508729;0.7158702
1645706723;41.01651;-8.643543;-0.1508583;0.7158731
1645706795;41.01798;-8.644292;-0.1508714;0.7158989
1645706803;41.01826;-8.644242;-0.1508705;0.7159038
1645706858;41.0203;-8.643948;-0.1508653;0.7159393
1645706866;41.02134;-8.643893;-0.1508644;0.7159575
1645706874;41.02152;-8.643798;-0.1508627;0.7159606
1645706907;41.0221;-8.643844;-0.1508635;0.7159708
1645706911;41.02248;-8.643882;-0.1508642;0.7159774
1645706914;41.02258;-8.643842;-0.1508635;0.7159791
1645706917;41.02274;-8.643876;-0.1508641;0.715982
1645706924;41.0232;-8.644036;-0.1508669;0.7159899
1645706928;41.02357;-8.644186;-0.1508695;0.7159964
1645706932;41.02386;-8.64433;-0.150872;0.7160015
1645706967;41.02407;-8.644382;-0.1508729;0.7160051
1645706969;41.0241;-8.644388;-0.150873;0.7160056
1645706972;41.02419;-8.644423;-0.1508736;0.7160072
1645707030;41.02503;-8.644767;-0.1508797;0.7160218
1645707049;41.02527;-8.64481;-0.1508804;0.7160261
1646529632;41.00911;-8.644629;-0.1508773;0.7157439
1646529633;41.00911;-8.644543;-0.1508757;0.7157441
1646529634;41.00914;-8.644492;-0.1508749;0.7157444
1646529635;41.00925;-8.644944;-0.1508827;0.7157464
1650252105;41.00147;-8.637331;-0.1507499;0.7156107
1650252107;41.00147;-8.637432;-0.1507516;0.7156107
1650252109;41.00154;-8.637185;-0.1507473;0.7156119
1650252111;41.00166;-8.637445;-0.1507519;0.715614
1650252113;41.00167;-8.637346;-0.1507501;0.7156141
1650252128;41.002;-8.637456;-0.150752;0.7156199
1650252130;41.00201;-8.637373;-0.1507506;0.71562
1650252148;41.00238;-8.637745;-0.1507571;0.7156265
1650252149;41.00238;-8.637403;-0.1507511;0.7156266
1650252150;41.00239;-8.63719;-0.1507474;0.7156267
1650252151;41.0024;-8.63699;-0.1507439;0.7156268
1650252154;41.00247;-8.637745;-0.1507571;0.7156281
1650252156;41.00247;-8.63789;-0.1507596;0.7156281
1650252187;41.00252;-8.636992;-0.1507439;0.7156289
1650252188;41.00252;-8.636899;-0.1507423;0.715629
1650252194;41.00253;-8.636793;-0.1507405;0.7156292
1650252198;41.00255;-8.636646;-0.1507379;0.7156295
1650252199;41.00256;-8.636545;-0.1507362;0.7156298
1650252201;41.00262;-8.636479;-0.150735;0.7156308
1650252224;41.00278;-8.637449;-0.1507519;0.7156336
1650252225;41.00279;-8.637214;-0.1507478;0.7156337
1650252232;41.00289;-8.637115;-0.1507461;0.7156354
1650252234;41.00296;-8.636472;-0.1507349;0.7156366
1650252240;41.00301;-8.636998;-0.1507441;0.7156375
1650252242;41.00301;-8.636804;-0.1507407;0.7156376
1650252244;41.00302;-8.636653;-0.150738;0.7156377
1650252246;41.00302;-8.636568;-0.1507366;0.7156377
1650252257;41.00306;-8.63789;-0.1507596;0.7156383
1650252267;41.00316;-8.637118;-0.1507462;0.7156401
1650252272;41.00316;-8.637449;-0.1507519;0.7156401
1650253210;41.0024;-8.636856;-0.1507416;0.7156269
1652362086;40.99956;-8.643749;-0.1508619;0.7155774
1652362088;41.00014;-8.646243;-0.1509054;0.7155874
1652362089;41.00027;-8.644364;-0.1508726;0.7155897
1652362091;41.00033;-8.643943;-0.1508653;0.7155908
1652362092;41.00035;-8.643829;-0.1508633;0.7155911
1652362093;41.00038;-8.6436;-0.1508593;0.7155917
1652362094;41.00056;-8.643883;-0.1508642;0.7155948
1681886997;41.00777;-8.639412;-0.1507862;0.7157205
1681886999;41.00777;-8.639367;-0.1507854;0.7157207
1681887000;41.00777;-8.63946;-0.150787;0.7157207
1681887001;41.00779;-8.639337;-0.1507849;0.715721
1681887002;41.00779;-8.63949;-0.1507875;0.715721
1681887003;41.00782;-8.639315;-0.1507845;0.7157215
1681887004;41.00782;-8.639508;-0.1507879;0.7157215
1681887005;41.00785;-8.639693;-0.1507911;0.715722
1681887006;41.00785;-8.63951;-0.1507879;0.715722
1681887008;41.00785;-8.639312;-0.1507844;0.715722
1681887009;41.00785;-8.639118;-0.1507811;0.715722
1681887010;41.00785;-8.638862;-0.1507766;0.715722
1681887011;41.00826;-8.639116;-0.150781;0.7157291
1681887012;41.00826;-8.639692;-0.1507911;0.7157291
1681887013;41.00826;-8.638681;-0.1507734;0.7157291
1681887014;41.00826;-8.63882;-0.1507758;0.7157292
1681887015;41.00827;-8.639084;-0.1507805;0.7157293
1681887016;41.00849;-8.638674;-0.1507733;0.7157331
1681922645;40.99582;-8.642261;-0.1508359;0.715512
1698582977;41.01703;-8.640723;-0.1508091;0.7158822
1698583000;41.01582;-8.641125;-0.1508161;0.715861
1698583126;41.01653;-8.64114;-0.1508164;0.7158734
1698583250;41.01836;-8.640807;-0.1508105;0.7159054
1698583254;41.01807;-8.640747;-0.1508095;0.7159004
1698583323;41.01849;-8.640512;-0.1508054;0.7159077
1698583470;41.01684;-8.641058;-0.1508149;0.7158788
1698583512;41.01846;-8.640723;-0.1508091;0.7159071
1790053563;40.99717;-8.640002;-0.1507965;0.7155356
1790053564;40.99723;-8.640002;-0.1507965;0.7155367
1790059181;40.99782;-8.640716;-0.1508089;0.715547
1790059182;40.99785;-8.640805;-0.1508105;0.7155475
1790059184;40.99802;-8.64153;-0.1508231;0.7155504
1790059187;40.99802;-8.641086;-0.1508154;0.7155505
1790059189;40.99802;-8.641624;-0.1508248;0.7155505
1790059191;40.99805;-8.641279;-0.1508188;0.715551
1790059193;40.99805;-8.641194;-0.1508173;0.715551
1790059196;40.99807;-8.641677;-0.1508257;0.7155514
1790059198;40.99855;-8.642646;-0.1508426;0.7155597
1790059213;40.99867;-8.641826;-0.1508283;0.7155617
1790059228;40.99881;-8.640858;-0.1508114;0.7155642
1790059243;40.99963;-8.642066;-0.1508325;0.7155786
1790059245;40.9997;-8.642103;-0.1508332;0.7155797
1790059248;40.99974;-8.642167;-0.1508343;0.7155805
1790059249;40.99979;-8.642294;-0.1508365;0.7155814
1790067683;40.99245;-8.641093;-0.1508155;0.7154533
1790067687;40.99316;-8.640047;-0.1507973;0.7154655
1790067691;40.99325;-8.636912;-0.1507426;0.7154672
1790067713;40.99378;-8.638129;-0.1507638;0.7154765
1790067715;40.99383;-8.637976;-0.1507611;0.7154773
1790067716;40.99403;-8.638062;-0.1507626;0.7154807
1790067718;40.99413;-8.638107;-0.1507634;0.7154825
1790067719;40.99429;-8.638204;-0.1507651;0.7154853
1790067720;40.99438;-8.638228;-0.1507655;0.7154869
1790067722;40.99454;-8.638201;-0.150765;0.7154897
1790067729;40.99465;-8.63819;-0.1507649;0.7154917
1790067731;40.99475;-8.638205;-0.1507651;0.7154933
1790067733;40.99484;-8.638242;-0.1507658;0.7154949
1790067735;40.99492;-8.638305;-0.1507669;0.7154963
1790067746;40.99496;-8.63836;-0.1507678;0.7154971
1790095547;41.00126;-8.635664;-0.1507208;0.715607
1790095550;41.00317;-8.635594;-0.1507196;0.7156403
1790095551;41.00319;-8.635502;-0.1507179;0.7156406
1790095552;41.00322;-8.635442;-0.1507169;0.7156412
1790095553;41.00327;-8.635406;-0.1507163;0.715642
1790097571;41.0029;-8.634516;-0.1507007;0.7156355
1790097572;41.00374;-8.634241;-0.1506959;0.7156503
1790097573;41.00374;-8.634332;-0.1506975;0.7156503
1790097574;41.00379;-8.634508;-0.1507006;0.7156511
1790097575;41.00379;-8.63431;-0.1506971;0.7156511
1790097576;41.00382;-8.634143;-0.1506942;0.7156516
1790097577;41.00391;-8.634501;-0.1507005;0.7156532
1790097578;41.00402;-8.634502;-0.1507005;0.7156551
1790097579;41.00403;-8.634062;-0.1506928;0.7156554
1824641449;41.01207;-8.637525;-0.1507532;0.7157956
2211502009;41.00949;-8.644944;-0.1508827;0.7157507
2488354284;41.00185;-8.63827;-0.1507663;0.7156172
2488354285;41.00206;-8.638273;-0.1507663;0.7156209
2488354286;41.00211;-8.63819;-0.1507649;0.7156218
2851243940;41.00031;-8.63798;-0.1507612;0.7155904
2860322196;41.01544;-8.638052;-0.1507625;0.7158545
2860322199;41.01565;-8.63853;-0.1507708;0.7158581
2860322200;41.01567;-8.638507;-0.1507704;0.7158585
2860322402;41.0157;-8.639895;-0.1507946;0.7158589
2860322405;41.01582;-8.638792;-0.1507754;0.715861
2860322406;41.01584;-8.638827;-0.150776;0.7158614
2860322407;41.01588;-8.638844;-0.1507763;0.7158622
2860322408;41.01595;-8.63882;-0.1507758;0.7158633
2860322410;41.01611;-8.638752;-0.1507747;0.7158661
3012788882;41.0094;-8.634568;-0.1507016;0.715749
3105978431;41.00711;-8.634006;-0.1506918;0.7157091
3105978443;41.00854;-8.635245;-0.1507135;0.715734
3105978448;41.00669;-8.634301;-0.150697;0.7157017
3105978458;41.00846;-8.635112;-0.1507111;0.7157327
3105978459;41.00669;-8.634212;-0.1506954;0.7157017
3105978483;41.00669;-8.634009;-0.1506919;0.7157017
3105978486;41.00839;-8.63525;-0.1507135;0.7157314
3105978489;41.00828;-8.634432;-0.1506993;0.7157295
3105978492;41.00766;-8.633999;-0.1506917;0.7157186
3588634110;41.01324;-8.635662;-0.1507207;0.715816
3588634111;41.01325;-8.636052;-0.1507275;0.7158162
3588634112;41.01331;-8.635329;-0.1507149;0.7158173
3588634113;41.01334;-8.636381;-0.1507333;0.7158179
3588634114;41.01361;-8.634941;-0.1507082;0.7158225
3588634117;41.01436;-8.634643;-0.1507029;0.7158356
3588634118;41.01444;-8.637272;-0.1507488;0.715837
3588634119;41.0152;-8.636569;-0.1507366;0.7158502
3588634120;41.01526;-8.635334;-0.150715;0.7158513
3588634121;41.01532;-8.635243;-0.1507134;0.7158524
3588634122;41.01616;-8.634812;-0.1507059;0.7158671
3588634123;41.01634;-8.637238;-0.1507482;0.7158701
3588636395;41.01368;-8.642969;-0.1508483;0.7158237
3591015683;41.01675;-8.641109;-0.1508158;0.7158774
3591015684;41.0169;-8.640964;-0.1508133;0.7158799
3591015685;41.01693;-8.640825;-0.1508109;0.7158804
3591015686;41.01696;-8.640745;-0.1508095;0.7158809
3591015687;41.01725;-8.640716;-0.1508089;0.7158861
3591015688;41.01746;-8.640722;-0.150809;0.7158896
3591015689;41.01768;-8.640763;-0.1508098;0.7158936
3591015690;41.01778;-8.640765;-0.1508098;0.7158952
3591015692;41.01795;-8.640741;-0.1508094;0.7158983
3591016996;41.01842;-8.640797;-0.1508103;0.7159065
3591017007;41.01979;-8.640394;-0.1508033;0.7159303
4029548990;41.00716;-8.643991;-0.1508661;0.7157099
4029548991;41.0073;-8.643986;-0.150866;0.7157124
4029548992;41.00805;-8.643955;-0.1508655;0.7157255
4029548999;41.00816;-8.64395;-0.1508654;0.7157274
4090279300;40.9921;-8.63002;-0.1506223;0.7154472
4090279321;40.99254;-8.63044;-0.1506296;0.7154548
4090279334;40.99314;-8.636912;-0.1507426;0.7154653
4090279337;40.99496;-8.638616;-0.1507723;0.7154971
4090279338;40.99521;-8.638697;-0.1507737;0.7155014
4090279339;40.99571;-8.641981;-0.150831;0.7155101
4090279340;40.99572;-8.641925;-0.15083;0.7155103
4090279341;40.99577;-8.642408;-0.1508385;0.7155111
4090279342;40.99577;-8.642365;-0.1508377;0.7155112
4090279343;40.9958;-8.642347;-0.1508374;0.7155117
4090279344;40.9958;-8.642028;-0.1508318;0.7155117
4090279345;40.99584;-8.642113;-0.1508333;0.7155123
4090279347;40.99645;-8.641342;-0.1508199;0.7155231
4090279348;40.99648;-8.645896;-0.1508994;0.7155235
4090279349;40.99707;-8.641355;-0.1508201;0.7155339
4090279350;40.99713;-8.641304;-0.1508192;0.7155349
4090279351;40.99716;-8.6412;-0.1508174;0.7155354
4090279393;40.99849;-8.637611;-0.1507548;0.7155586
4090279404;40.99855;-8.637516;-0.1507531;0.7155596
4090279413;40.99863;-8.637283;-0.150749;0.7155611
4090279424;40.99876;-8.637159;-0.1507469;0.7155634
4090279428;40.99893;-8.636737;-0.1507395;0.7155663
4090279455;41.00012;-8.63959;-0.1507893;0.7155871
4090279480;41.00176;-8.638196;-0.150765;0.7156157
4181898626;41.00412;-8.63418;-0.1506949;0.7156569
4181898627;41.00414;-8.634285;-0.1506967;0.7156572
4181898628;41.0041;-8.634429;-0.1506992;0.7156565
4181898629;41.00379;-8.634254;-0.1506962;0.7156511
4181898630;41.00398;-8.634046;-0.1506925;0.7156545
4340684420;40.99749;-8.643965;-0.1508656;0.7155412
4340684421;40.99755;-8.643595;-0.1508592;0.7155422
4340684422;40.99758;-8.643378;-0.1508554;0.7155428
4340684423;40.99766;-8.64289;-0.1508469;0.7155441
4340684424;40.99781;-8.643664;-0.1508604;0.7155467
4340684425;40.99785;-8.64345;-0.1508567;0.7155474
4340684426;40.99802;-8.644088;-0.1508678;0.7155504
4340684427;40.99844;-8.644923;-0.1508824;0.7155578
4340684428;40.9985;-8.644482;-0.1508747;0.7155589
4340684429;40.99998;-8.646252;-0.1509056;0.7155848
4340684430;41.00002;-8.645826;-0.1508981;0.7155854
4340684431;41.00003;-8.645876;-0.150899;0.7155856
4340684432;41.00009;-8.645337;-0.1508896;0.7155865
4340684444;41.00032;-8.644611;-0.1508769;0.7155906
4340684446;41.00047;-8.644612;-0.150877;0.7155932
4340684447;41.00134;-8.645603;-0.1508942;0.7156083
4340684448;41.00139;-8.645617;-0.1508945;0.7156093
4340684451;41.00204;-8.645793;-0.1508975;0.7156207
4340684452;41.00206;-8.645818;-0.150898;0.7156209
4340684453;41.00212;-8.645823;-0.1508981;0.7156221
4340684474;41.00763;-8.64468;-0.1508781;0.7157182
4340684475;41.00763;-8.644852;-0.1508811;0.7157182
4340684476;41.00763;-8.644974;-0.1508833;0.7157182
4340684477;41.00782;-8.644677;-0.1508781;0.7157215
4340684478;41.00783;-8.644849;-0.1508811;0.7157216
4340684709;41.0106;-8.64272;-0.1508439;0.7157701
4340684710;41.0107;-8.642443;-0.1508391;0.7157718
4340684711;41.01412;-8.641575;-0.1508239;0.7158314
4340684712;41.01416;-8.641371;-0.1508204;0.7158321
4340684713;41.01426;-8.641366;-0.1508203;0.7158338
4340684714;41.01441;-8.641581;-0.150824;0.7158365
4340684715;41.01451;-8.641644;-0.1508251;0.7158382
4629729322;41.00589;-8.641388;-0.1508207;0.7156878
4629729323;41.00539;-8.641388;-0.1508207;0.715679
4629729324;41.00539;-8.640901;-0.1508122;0.7156791
4629729325;41.00589;-8.640897;-0.1508121;0.7156878
4629729326;41.00575;-8.64124;-0.1508181;0.7156853
4629729327;41.00569;-8.641295;-0.1508191;0.7156842
4629729328;41.00562;-8.641293;-0.150819;0.715683
4629729329;41.00556;-8.641243;-0.1508181;0.7156821
4629729330;41.00554;-8.641147;-0.1508165;0.7156816
4629729331;41.00556;-8.641047;-0.1508147;0.715682
4629729332;41.00561;-8.640996;-0.1508138;0.7156829
4629729333;41.00569;-8.640995;-0.1508138;0.7156842
4629729334;41.00574;-8.641045;-0.1508147;0.7156852
4629729335;41.00578;-8.641138;-0.1508163;0.7156858
4629790759;41.00565;-8.641294;-0.150819;0.7156836
4629790760;41.00565;-8.641388;-0.1508207;0.7156836
4629790761;41.00565;-8.640995;-0.1508138;0.7156836
4629790762;41.00565;-8.640899;-0.1508121;0.7156836
4629790763;41.00565;-8.641207;-0.1508175;0.7156836
4629790764;41.00563;-8.64119;-0.1508172;0.7156832
4629790765;41.00561;-8.641164;-0.1508168;0.7156829
4629790766;41.00561;-8.64113;-0.1508162;0.7156829
4629790767;41.00562;-8.641102;-0.1508157;0.7156831
4629790768;41.00565;-8.641082;-0.1508153;0.7156836
4629790769;41.00568;-8.6411;-0.1508157;0.7156841
4629790770;41.00569;-8.641128;-0.1508161;0.7156844
4629790771;41.00569;-8.641159;-0.1508167;0.7156844
4629790772;41.00568;-8.641186;-0.1508171;0.7156841
4638349639;41.00344;-8.641124;-0.1508161;0.7156451
4638349640;41.00344;-8.640941;-0.1508129;0.7156451
4638349641;41.00357;-8.641124;-0.1508161;0.7156472
4638349642;41.00357;-8.640937;-0.1508128;0.7156472
4638349643;41.00345;-8.640955;-0.1508131;0.7156453
4638349644;41.00356;-8.640954;-0.1508131;0.715647
4638349645;41.00356;-8.641107;-0.1508158;0.715647
4638349646;41.00346;-8.641108;-0.1508158;0.7156453
4638349647;41.00346;-8.640969;-0.1508134;0.7156454
4638349648;41.00354;-8.640969;-0.1508134;0.7156469
4638349649;41.00354;-8.641093;-0.1508155;0.7156469
4638349650;41.00346;-8.641093;-0.1508155;0.7156454
4638349651;41.00347;-8.640981;-0.1508136;0.7156456
4638349652;41.00354;-8.640981;-0.1508136;0.7156467
4638349653;41.00354;-8.641081;-0.1508153;0.7156467
4638349654;41.00347;-8.641081;-0.1508153;0.7156456
4638349655;41.00348;-8.640994;-0.1508138;0.7156457
4638349656;41.00353;-8.640993;-0.1508138;0.7156466
4638349657;41.00353;-8.64107;-0.1508151;0.7156466
4638349658;41.00348;-8.64107;-0.1508151;0.7156457
4638349659;41.00349;-8.641006;-0.150814;0.7156458
4638349660;41.00352;-8.641005;-0.150814;0.7156464
4638349661;41.00352;-8.641058;-0.1508149;0.7156464
4638349662;41.00349;-8.641058;-0.1508149;0.7156458
4638349663;41.00349;-8.641015;-0.1508142;0.715646
4638349664;41.00352;-8.641015;-0.1508142;0.7156464
4638349665;41.00352;-8.641047;-0.1508147;0.7156464
4638349666;41.00349;-8.641047;-0.1508147;0.715646
4638349667;41.0035;-8.641024;-0.1508143;0.715646
4638349668;41.00351;-8.641025;-0.1508143;0.7156463
4638349669;41.00351;-8.641038;-0.1508146;0.7156463
4638349670;41.0035;-8.641039;-0.1508146;0.7156461
4706684606;41.00018;-8.639077;-0.1507803;0.7155881
4706684630;41.00014;-8.639433;-0.1507865;0.7155874
4706684631;40.99949;-8.639327;-0.1507847;0.715576
4706684632;40.99941;-8.639997;-0.1507964;0.7155747
4706684633;41.00005;-8.639419;-0.1507863;0.7155858
4706684634;41.00014;-8.638674;-0.1507733;0.7155875
4706684635;40.99992;-8.638687;-0.1507735;0.7155837
4706684636;40.99985;-8.639386;-0.1507857;0.7155824