37680676;441802794;1681887016;
37680676;1681887016;441802796;
37680676;441802796;441805488;
37680676;441805488;443809275;
37680676;443809275;443813089;
37680676;443813089;443813090;
37680676;443813090;3105978458;
37680676;3105978458;441802854;
37680683;441802828;769314426;
37680685;441802954;441802957;
37680685;441802957;441802961;
37680685;441802961;441802977;
37680685;441802977;441802980;
37680687;441803078;441803076;
37680687;441803076;441803009;
37680687;441803009;441803074;
37680687;441803074;441803072;
37680687;441803072;441803070;
37680687;441803070;768226326;
37680687;768226326;441803068;
37680688;1547680415;1547680416;
37680688;1547680416;443809927;
37680688;443809927;441803092;
37680688;441803092;1252555690;
37680688;1252555690;1563340000;
37680688;1563340000;441803095;
37680688;441803095;441803097;
37680688;441803097;1563340001;
37680688;1563340001;441803099;
37680688;441803099;441803101;
37680688;441803101;441803103;
37680688;441803103;441803105;
37680688;441803105;441803013;
37680688;441803013;441803107;
37680688;441803107;441803078;
37680688;441803078;441803110;
37680691;441803282;441803285;
37680691;441803285;441803287;
37680691;441803287;441803289;
37680691;441803289;441803291;
37680691;441803291;1163690625;
37680691;1163690625;441803105;
37680692;441802794;441803296;
37680692;441803296;441803298;
37680692;441803298;441803107;
37680692;441803107;441803076;
37680692;441803076;441803301;
37680692;441803301;1309247589;
37680693;1309247589;1309243906;
37680693;1309243906;441803004;
37680693;441803004;441803316;
37680693;441803316;441803319;
37680693;441803319;441803322;
37680693;441803322;441803324;
37680693;441803324;441803326;
37680694;1309239836;1564682247;
37680694;1564682247;1564682246;
37680694;1564682246;1564682243;
37680694;1564682243;1564682242;
37680694;1564682242;1564682239;
37680694;1564682239;441803326;
37680694;441803326;441803327;
37680694;441803327;1563324312;
37680694;1563324312;1252555546;
37680694;1252555546;441803328;
37680694;441803328;441803068;
37680694;441803068;441803282;
37680694;441803282;441803329;
37680694;441803329;1257471295;
37680695;441803328;441803367;
37680695;441803367;441803370;
37680695;441803370;441803372;
37680695;441803372;441803007;
37680695;441803007;441803301;
37680695;441803301;441803375;
37680697;441803375;441803382;
37680697;441803382;441803385;
37680697;441803385;1824641449;
37680697;1824641449;441803112;
37680698;441803390;441803393;
37680700;441803393;3588636395;
37680700;3588636395;1252555550;
37680700;1252555550;1252555549;
37680700;1252555549;441803401;
37680700;441803401;441803322;
37680700;441803322;441803367;
37680700;441803367;441803070;
37680700;441803070;441803287;
37680700;441803287;441803403;
37680701;441803403;1163690643;
37680701;1163690643;441803408;
37680702;441803408;1163690660;
37680702;1163690660;441803329;
37680703;441803097;441803408;
37680703;441803408;441803285;
37680703;441803285;1163690612;
37680703;1163690612;768226326;
37680704;441803462;441803460;
37680704;441803460;441803458;
37680704;441803458;441803456;
37680704;441803456;441803453;
37680704;441803453;441803451;
37680704;441803451;441803444;
37680704;441803444;441803441;
37680704;441803441;441803439;
37680704;441803439;441803436;
37680704;441803436;441803434;
37680704;441803434;441803431;
37680704;441803431;441803428;
37680704;441803428;441803101;
37680704;441803101;441803289;
37680704;441803289;441803072;
37680704;441803072;441803370;
37680704;441803370;441803319;
37680711;3012788882;441803619;
37680712;441803623;769314477;
37680712;769314477;1309555798;
37680712;1309555798;441803624;
37680712;441803624;441802980;
37681026;441803604;441803607;
37681028;441803604;441813273;
37681028;441813273;441813274;
37681028;441813274;441803333;
37681028;441803333;441813275;
37681028;441813275;441813276;
37681028;441813276;441813252;
37681028;441813252;441803436;
37681028;441803436;441813277;
37681028;441813277;441803018;
37681028;441803018;1563326055;
37681028;1563326055;1563326056;
37681028;1563326056;441805507;
37681028;441805507;441805493;
37681028;441805493;441813278;
37681028;441813278;441813279;
37681028;441813279;441813280;
37681028;441813280;441813281;
37681207;441819649;4181898630;
37681207;4181898630;1790097579;
37681207;1790097579;441819655;
37681207;441819655;441819659;
37681207;441819659;4181898626;
37681207;4181898626;441819662;
37681207;441819662;4181898627;
37681207;4181898627;441819665;
37681207;441819665;441819668;
37681207;441819668;4181898628;
37681207;4181898628;441819670;
37681207;441819670;1790097578;
37681207;1790097578;441819672;
37681207;441819672;1790097577;
37681207;1790097577;441819677;
37681207;441819677;441819680;
37681207;441819680;441819682;
37681207;441819682;1790097575;
37681207;1790097575;4181898629;
37681207;4181898629;441819685;
37681207;441819685;1790097576;
37681207;1790097576;441819692;
37681207;441819692;441819695;
37681207;441819695;441819649;
37681208;1645706019;441802816;
37681208;441802816;3105978448;
37681208;3105978448;441819665;
37681209;441819662;3105978459;
37681209;3105978459;441819719;
37681209;441819719;1645706015;
37842089;441803019;443813076;
37842089;443813076;441803439;
37842089;441803439;443800955;
37842089;443800955;768226316;
37842089;768226316;443817484;
37842089;443817484;441803334;
37842090;768226319;768226313;
37842090;768226313;443817971;
37842090;443817971;768226330;
37842090;768226330;1547680300;
37842090;1547680300;1547680294;
37842090;1547680294;441803335;
37842090;441803335;443817366;
37842090;443817366;443817389;
37842090;443817389;443800956;
37842090;443800956;441803441;
37842090;441803441;443812931;
37842090;443812931;441803020;
37842090;441803020;1563326049;
37842090;1563326049;443800961;
37842091;768565998;768566000;
37842092;441803339;443817424;
37842092;443817424;443817435;
37842092;443817435;443800958;
37842092;443800958;441803451;
37842092;441803451;443813070;
37842092;443813070;441803022;
37842093;443800954;1602346489;
37842093;1602346489;443817589;
37842509;441819682;1790097573;
37842509;1790097573;1163690622;
37842509;1163690622;771439427;
37842509;771439427;443803762;
37842509;443803762;771440428;
37842509;771440428;443803761;
37842704;441805516;4090279300;
37842704;4090279300;4090279321;
37842704;4090279321;441805517;
37842704;441805517;441805518;
37842704;441805518;441805519;
37842704;441805519;913123005;
37842704;913123005;441805520;
37842704;441805520;443803681;
37842704;443803681;771440401;
37843031;443803681;771439747;
37843031;771439747;771440361;
37843031;771440361;771439553;
37843272;441803114;443817684;
37843272;443817684;443817689;
37843272;443817689;443809274;
37843272;443809274;443809275;
37843272;443809275;443817692;
37843272;443817692;441813278;
37843272;441813278;768565997;
37843272;768565997;768565996;
37843272;768565996;768566004;
37843272;768566004;768565993;
37843272;768565993;443809276;
37843272;443809276;443809290;
37843338;441803017;443809931;
37843338;443809931;441803434;
37843338;441803434;441803474;
37843338;441803474;443817700;
37843338;443817700;441803332;
37843340;441803099;441803496;
37843340;441803496;1563339999;
37843340;1563339999;1563339998;
37843340;1563339998;443809933;
37843341;443809933;443809927;
37843935;443813125;441803014;
37843935;441803014;441803298;
37843935;441803298;1163754346;
37843936;441803316;441803372;
37843936;441803372;441803074;
37843936;441803074;441803291;
37843936;441803291;441803103;
37843936;441803103;443813125;
37843936;443813125;441803494;
37843936;441803494;441803486;
37843936;441803486;443809931;
37843936;443809931;441813277;
37843936;441813277;443813076;
37843936;443813076;443812931;
37843936;443812931;443813117;
37843936;443813117;443813070;
37843936;443813070;443813100;
37843936;443813100;443813126;
37843936;443813126;443813127;
37843936;443813127;443813128;
37843936;443813128;443813129;
37843940;443813155;441805503;
37843940;441805503;441805513;
37843943;441803344;1602335216;
37843943;1602335216;441803347;
37843943;441803347;441803458;
37843943;441803458;443813127;
37843943;443813127;441803025;
37843943;441803025;443813209;
37843943;443813209;441805512;
37843944;1635406838;441803474;
37843944;441803474;441813252;
37843944;441813252;443800955;
37843944;443800955;443800956;
37843944;443800956;443800957;
37843944;443800957;443800958;
37843944;443800958;443800959;
37843944;443800959;443813084;
37843944;443813084;441803347;
37843944;441803347;441803349;
37843944;441803349;441803356;
37843944;441803356;1259665639;
37843944;1259665639;443813185;
37843944;443813185;768203712;
37843944;768203712;768203708;
37843945;441803026;443813128;
37843945;443813128;441803460;
37843945;441803460;441803349;
37843946;441803619;3105978443;
37843946;3105978443;443813090;
37843946;443813090;3105978486;
37843946;3105978486;443817747;
37843946;443817747;441813280;
37843946;441813280;768565994;
37843946;768565994;768566003;
37843946;768566003;768566000;
37843946;768566000;768565989;
37843946;768565989;1108285755;
37843946;1108285755;443813224;
37843946;443813224;1790095553;
37843946;1790095553;1790095552;
37843950;441805511;443813234;
37843950;443813234;441803024;
37843950;441803024;443813126;
37843950;443813126;441803456;
37843950;441803456;443813084;
37843950;443813084;443817708;
37843950;443817708;443813000;
37843951;443813166;443813209;
37843951;443813209;443813234;
37843951;443813234;443813102;
37843952;443813155;1163690654;
37843952;1163690654;1257484862;
37843952;1257484862;443813226;
37844586;443817769;443817747;
37844586;443817747;443817715;
37844586;443817715;443817692;
37844589;1163754317;443817689;
37844589;443817689;443817736;
37844589;443817736;443817788;
37844589;443817788;1163754421;
37844589;1163754421;443817797;
37844589;443817797;443817801;
37844591;443817801;1163754847;
37844591;1163754847;443817815;
37844591;443817815;1635359422;
37844591;1635359422;443817821;
37844591;443817821;1163754840;
37844591;1163754840;443817831;
37844591;443817831;1163754802;
37844591;1163754802;443817844;
37844591;443817844;443817737;
37844591;443817737;443817684;
37844591;443817684;1163754367;
37844595;443817797;443817891;
37844595;443817891;443817322;
37844596;443817708;443817621;
37844596;443817621;443817435;
37844596;443817435;443817655;
37844596;443817655;443817389;
37844596;443817389;768226316;
37844596;768226316;441813276;
37844596;441813276;443817700;
37844596;443817700;1635406837;
37844598;441813275;443817484;
37844598;443817484;443817366;
37844598;443817366;443817656;
37844598;443817656;443817424;
37844598;443817424;443817612;
37844602;1163609472;1163609297;
37844602;1163609297;1163609511;
37844602;1163609511;1163609324;
37844602;1163609324;1163609435;
37844602;1163609435;772873132;
37844602;772873132;772873225;
37844602;772873225;772873166;
37844602;772873166;772873245;
37844602;772873245;772873273;
51230328;441803592;1646529634;
51230328;1646529634;1646529633;
51230328;1646529633;1646529632;
51230328;1646529632;441803596;
51230328;441803596;926828796;
61596932;441803521;768203723;
61596932;768203723;768203718;
61596933;441803525;768203707;
61596934;768203715;768203705;
61596935;441803358;768203725;
61596936;768203727;4340684427;
61596936;4340684427;768203704;
61596936;768203704;768203703;
61596937;769290260;769290298;
61596937;769290298;769290300;
61596937;769290300;4090279341;
61596937;4090279341;768203724;
61596938;768203700;768203717;
61596938;768203717;768203727;
61596938;768203727;768203728;
61596938;768203728;1259660049;
61596938;1259660049;1259660005;
61596939;768203712;441803358;
61596941;443817960;4340684446;
61596941;4340684446;768203721;
61596941;768203721;441803528;
61596942;768203720;1282185247;
61596942;1282185247;1645705585;
61596942;1645705585;768203724;
61596943;768203701;1652362094;
61596943;1652362094;443817960;
61596945;768203711;768203709;
61596945;768203709;768203716;
61596946;768203719;768203726;
61596946;768203726;768203704;
61596946;768203704;768203702;
61596946;768203702;441803535;
61596947;768203707;768203715;
61596948;768203721;768203707;
61596948;768203707;768203723;
61596948;768203723;768203716;
61596949;768203717;1258977010;
61596949;1258977010;768203726;
61596949;768203726;768203722;
61596950;441803530;769290295;
61596950;769290295;768203703;
61596950;768203703;768203722;
61596950;768203722;1652362086;
61596950;1652362086;768203706;
61596951;441803516;443817983;
61596951;443817983;768226332;
61596952;768203710;769290289;
61596952;769290289;907122284;
61596952;907122284;4340684423;
61596952;4340684423;768203700;
61596952;768203700;1258977007;
61596952;1258977007;768203719;
61596952;768203719;768203706;
61596952;768203706;1652362093;
61596952;1652362093;768203701;
61596952;768203701;768203705;
61596952;768203705;768203713;
61596952;768203713;768203711;
61599066;441803600;443817968;
61599067;768226331;443817975;
61599067;443817975;768226317;
61599067;768226317;441803508;
61599070;443813226;443813108;
61599070;443813108;768566001;
61599070;768566001;768565990;
61599070;768565990;768565999;
61599070;768565999;768566002;
61599070;768566002;441813279;
61599070;441813279;443817715;
61599070;443817715;443813089;
61599070;443813089;443812903;
61599070;443812903;443817736;
61599070;443817736;443817737;
61599070;443817737;441803121;
61599074;441803600;768226314;
61599074;768226314;1635359411;
61599074;1635359411;1635359415;
61599074;1635359415;1635359418;
61599123;443817708;441803344;
61599124;441803110;441805490;
61599124;441805490;441803112;
61599124;441803112;441803114;
61599124;441803114;1163690653;
61599124;1163690653;441803119;
61599124;441803119;441803121;
61599124;441803121;441803124;
61599124;441803124;441803126;
61599124;441803126;441802954;
61599124;441802954;441803128;
61599124;441803128;441803130;
61599124;441803130;1163690674;
61599124;1163690674;441803133;
61599124;441803133;1163690616;
61599124;1163690616;441803135;
61599124;441803135;441803138;
61599124;441803138;441803141;
61599124;441803141;441803143;
61599125;768226320;768226322;
61599125;768226322;1602346510;
61599125;1602346510;768226327;
61599126;443817968;4340684476;
61599126;4340684476;441813273;
61599126;441813273;768226321;
61599126;768226321;443817971;
61599126;443817971;443817975;
61599127;443800961;443813115;
61599127;443813115;768565995;
61599127;768565995;443813102;
61599128;768226311;441803401;
61599129;441803401;441803324;
61599130;441803319;768226311;
61599130;768226311;441803390;
61599130;441803390;441803426;
61599339;1163754363;441803296;
61599339;441803296;1635405538;
61599339;1635405538;441803015;
61599339;441803015;441803494;
61599339;441803494;441803428;
61599339;441803428;441803496;
61599339;441803496;441803092;
61599339;441803092;441803330;
61599339;441803330;1524901220;
61599339;1524901220;1257471298;
61599383;441802980;441802984;
61599383;441802984;769314425;
61599383;769314425;769314452;
61599714;768226308;768226321;
61599714;768226321;768226324;
61599714;768226324;768226309;
61599715;443817589;443817983;
61599718;443817589;768226322;
61599718;768226322;768226317;
61599718;768226317;768226313;
61599718;768226313;768226324;
61599718;768226324;441803604;
61650532;768565995;441805509;
61650532;441805509;441805498;
61650532;441805498;768565993;
61650532;768565993;768566001;
61650532;768566001;768565989;
61650533;441805496;768565996;
61650533;768565996;768565999;
61650533;768565999;768566003;
61650534;768565991;768565994;
61650534;768565994;768566002;
61650534;768566002;768565997;
61650534;768565997;441805495;
61650679;441802805;1635359420;
61650679;1635359420;443817765;
61650679;443817765;3105978489;
61650679;3105978489;443817769;
61650679;443817769;441813281;
61650679;441813281;768565991;
61650679;768565991;768565992;
61650679;768565992;768572554;
61650679;768572554;441819670;
61650797;768565989;768565992;
61740513;769290273;769290271;
61740513;769290271;769290270;
61740513;769290270;769290269;
61740513;769290269;769290264;
61740513;769290264;769290296;
61740513;769290296;769290290;
61740514;769290288;769290278;
61740514;769290278;769290263;
61740514;769290263;769290273;
61740514;769290273;769290289;
61740515;769290297;769290281;
61740515;769290281;769290299;
61740515;769290299;769290264;
61740516;769290268;769290266;
61740516;769290266;769290297;
61740516;769290297;769290261;
61740516;769290261;769290292;
61740516;769290292;769290293;
61740517;769290294;441803560;
61740517;441803560;441803562;
61740517;441803562;441803564;
61740517;441803564;769290280;
61740517;769290280;441803567;
61740517;441803567;441803569;
61740518;769290261;769290272;
61740518;769290272;769290288;
61740518;769290288;769290270;
61740519;769290279;769290277;
61740519;769290277;769290299;
61740520;768203724;768203710;
61740522;441803556;441803564;
61740522;441803564;920574714;
61740522;920574714;769290266;
61740522;769290266;769290277;
61740522;769290277;769290296;
61740522;769290296;769290298;
61740523;441803562;920574634;
61740523;920574634;769290268;
61740523;769290268;769290279;
61740523;769290279;769290290;
61740523;769290290;769290260;
61740524;769290281;769290272;
61740525;768203710;769290271;
61740525;769290271;769290278;
61740525;769290278;769290292;
61740525;769290292;441803567;
61740525;441803567;441803551;
61740526;769290269;769290300;
61742510;441802828;441819722;
61742510;441819722;769314375;
61742510;769314375;3105978492;
61742510;3105978492;441819723;
61742510;441819723;1163754851;
61742510;1163754851;3105978431;
61742510;3105978431;3105978483;
61742510;3105978483;771439555;
61742510;771439555;1163701458;
61742510;1163701458;441819724;
61742510;441819724;441819655;
61743765;769324685;769324717;
61743765;769324717;769324653;
61743765;769324653;769324673;
61743765;769324673;769324663;
61743765;769324663;769324686;
61743765;769324686;769324715;
61743765;769324715;769324643;
61743765;769324643;4090279334;
61743765;4090279334;1790067691;
61743765;1790067691;769324656;
61743765;769324656;769324676;
61743765;769324676;769324707;
61743765;769324707;769324566;
61743765;769324566;769324683;
61743765;769324683;769324704;
61743765;769324704;769324640;
61743765;769324640;769324660;
61743765;769324660;769324672;
61743765;769324672;1257479068;
61743765;1257479068;769324550;
61743767;769324710;441803045;
61743769;769324654;1257479114;
61743769;1257479114;769324569;
61743769;769324569;769324666;
61743769;769324666;769324689;
61743769;769324689;769324700;
61743770;769324716;4090279347;
61743770;4090279347;441803034;
61743771;769324679;769324700;
61743771;769324700;769324667;
61743771;769324667;769324690;
61743771;769324690;769324550;
61743771;769324550;386803667;
61743771;386803667;769324658;
61743771;769324658;1257479074;
61743771;1257479074;769324681;
61743771;769324681;769324711;
61743771;769324711;1257479121;
61743771;1257479121;769324571;
61743771;769324571;769324708;
61743771;769324708;1257479076;
61743771;1257479076;1257479122;
61743771;1257479122;769324697;
61743771;769324697;441805520;
61743772;769324680;441803041;
61743773;441803038;769324654;
61743773;769324654;769324684;
61743773;769324684;769324705;
61743773;769324705;769324718;
61743773;769324718;769324645;
61743773;769324645;769324674;
61743773;769324674;769324695;
61749242;443813102;441805510;
61749242;441805510;443800960;
61749242;443800960;443809276;
61749242;443809276;443813108;
61749242;443813108;1108285755;
61749242;1108285755;441819672;
61756254;443817589;443817603;
61756254;443817603;441803340;
61756254;441803340;773935582;
61756254;773935582;443817612;
61756254;443817612;443817621;
61756254;443817621;443800959;
61756254;443800959;441803453;
61756254;441803453;443813100;
61756254;443813100;441803023;
61756254;441803023;443813102;
61756255;768203713;768203718;
61900269;771439553;443808161;
61900269;443808161;771439566;
61900269;771439566;1163690645;
61900269;1163690645;1790097572;
61900269;1790097572;441819685;
61900273;443803761;771440056;
61900273;771440056;771440391;
61900273;771440391;771439741;
61900273;771439741;441805521;
61900278;771440401;771440067;
61900278;771440067;771440384;
61900278;771440384;771440416;
61900278;771440416;771439553;
61900301;441805522;771440370;
61900301;771440370;771440324;
61900301;771440324;771440404;
61900301;771440404;771439427;
61900301;771439427;771439566;
61900301;771439566;771440423;
61900301;771440423;771440437;
61900301;771440437;771439445;
61900301;771439445;771440313;
61900301;771440313;771440396;
61900301;771440396;771439736;
61900301;771439736;771440347;
61900301;771440347;771440420;
61900301;771440420;771439442;
61900301;771439442;771440389;
61900301;771440389;771439564;
61900301;771439564;771440084;
61900301;771440084;1342089826;
61900301;1342089826;771439750;
61900301;771439750;771440373;
61900302;443803761;771440323;
61900302;771440323;771440422;
61900302;771440422;771440467;
61900302;771440467;771440349;
61900302;771440349;771440401;
61988542;441803607;768226309;
61988542;768226309;768226319;
61988542;768226319;441803508;
61988542;441803508;768226327;
61988542;768226327;443800954;
61988542;443800954;441803516;
61988542;441803516;772873249;
61988542;772873249;441803521;
61988542;441803521;441803525;
61988542;441803525;441803528;
61988549;772873249;772873290;
61988549;772873290;4340684451;
61988549;4340684451;4340684452;
61988549;4340684452;4340684453;
61988573;772873292;772873139;
62049166;441813274;768226308;
62049166;768226308;893326744;
62049166;893326744;768226330;
62049166;768226330;768226331;
62049166;768226331;768226320;
62049166;768226320;1602346501;
62049166;1602346501;443817603;
62049166;443817603;768226332;
62049166;768226332;768203709;
62049166;768203709;768203718;
62049166;768203718;768203715;
62049166;768203715;443817960;
62081952;441805522;773914551;
62081952;773914551;773914876;
62081952;773914876;773914654;
62081952;773914654;773914757;
62081952;773914757;773914877;
62081952;773914877;773914802;
62081952;773914802;773914565;
62081952;773914565;773914543;
62081952;773914543;773914727;
62081952;773914727;773914574;
62081952;773914574;773914772;
62081952;773914772;773914733;
62081952;773914733;773914816;
62081952;773914816;773914781;
62081952;773914781;769324658;
62081952;769324658;773914730;
62081952;773914730;773914770;
62081952;773914770;773914572;
62081952;773914572;773914723;
62081952;773914723;773914542;
62081952;773914542;773914558;
62081952;773914558;773914799;
62081952;773914799;773914752;
62081952;773914752;773914557;
62081952;773914557;773914648;
62081952;773914648;773914873;
62081952;773914873;773914548;
75666942;893326744;1635371328;
75666942;1635371328;1635371326;
75666942;1635371326;893326746;
75672378;771440401;441805521;
75672378;441805521;441805522;
75672378;441805522;441805523;
75672378;441805523;4090279428;
75672378;4090279428;441805505;
77037383;907122157;907121698;
77037383;907121698;1259796043;
77037386;907122284;907122290;
77037386;907122290;907121698;
77037386;907121698;907122152;
77037386;907122152;907122667;
77037386;907122667;907122271;
77037386;907122271;907121673;
77037386;907121673;907121685;
77037386;907121685;907122057;
77037386;907122057;907122672;
77037386;907122672;907122046;
77037386;907122046;907122171;
77037386;907122171;907121700;
77037386;907121700;907122149;
77037386;907122149;907121678;
77037386;907121678;1258990903;
77037390;907122046;1258990894;
77040779;907146404;907146393;
77607334;913123040;441803004;
77607334;441803004;441803007;
77607334;441803007;441803009;
77607334;441803009;441803013;
77607334;441803013;441803014;
77607334;441803014;441803015;
77607334;441803015;441803016;
77607334;441803016;441803017;
77607334;441803017;1563326057;
77607334;1563326057;441803018;
77607334;441803018;772873213;
77607334;772873213;441803019;
77607334;441803019;441803020;
77607334;441803020;441803021;
77607334;441803021;441803022;
77607334;441803022;441803023;
77607334;441803023;441803024;
77607334;441803024;441803025;
77607334;441803025;441803026;
77607334;441803026;441803027;
77607334;441803027;768203725;
77607334;768203725;441803029;
77607334;441803029;4706684632;
77607334;4706684632;1257479092;
77607334;1257479092;441803031;
77607334;441803031;1602335210;
77607342;913122983;913123040;
78446111;920574714;920574634;
79292944;768203711;1602335212;
79292944;1602335212;926017876;
79292944;926017876;1502290200;
79292944;1502290200;1645705807;
79292944;1645705807;926017891;
79292944;926017891;926017890;
79292944;926017890;441803344;
79385475;926828796;926828793;
79385475;926828793;772873215;
79385475;772873215;772873236;
79385475;772873236;441803600;
79385475;441803600;441803604;
100653163;772873273;1635381596;
100653163;1635381596;1635381594;
100653163;1635381594;1163609518;
100653180;1524892971;772873296;
100660024;441805505;1163690659;
100660024;1163690659;1163690686;
100660024;1163690686;1163690667;
100660027;441805523;1163690632;
100660027;1163690632;1163690614;
100660027;1163690614;1163690603;
100660027;1163690603;1163690666;
100660027;1163690666;1163690648;
100660027;1163690648;1163690622;
100660027;1163690622;1163690645;
100660027;1163690645;1163690656;
100660027;1163690656;1163690617;
100660027;1163690617;1163690605;
100660027;1163690605;1163690671;
100660027;1163690671;1163690650;
100660027;1163690650;1163690651;
100660027;1163690651;1163690623;
100660027;1163690623;1163690610;
100660027;1163690610;1163690681;
100660027;1163690681;1163690641;
100660028;1163690609;2851243940;
100660033;441803110;1163690664;
100660033;1163690664;1595004603;
100660033;1595004603;1595004587;
100660033;1595004587;1163754346;
100660033;1163754346;1163754363;
100660033;1163754363;441802796;
100660033;441802796;441805507;
100660033;441805507;772873247;
100660033;772873247;907146396;
100660033;907146396;441805508;
100660033;441805508;441805509;
100660033;441805509;441805510;
100660033;441805510;441805511;
100660033;441805511;441805512;
100660033;441805512;2488354286;
100660033;2488354286;4090279480;
100660033;4090279480;441805513;
100660035;1163690654;1163690626;
100660035;1163690626;1790095547;
100660035;1790095547;1163690602;
100660035;1163690602;1163690665;
100660035;1163690665;1163690646;
100660035;1163690646;1163690618;
100660035;1163690618;1163690679;
100660035;1163690679;1163690655;
100660035;1163690655;1163690631;
100660035;1163690631;1163690613;
100660035;1163690613;1163690668;
100660035;1163690668;1163690648;
100660038;1163690667;1163690604;
100660038;1163690604;441805503;
100660038;441805503;1163690657;
100660038;1163690657;441805501;
100660038;441805501;441805500;
100660038;441805500;443800960;
100660038;443800960;441805498;
100660038;441805498;441805497;
100660038;441805497;441805496;
100660038;441805496;441805495;
100660038;441805495;441805493;
100660038;441805493;441805488;
100660038;441805488;1163754341;
100660038;1163754341;1163754317;
100660038;1163754317;1163754367;
100660038;1163754367;1163690606;
100660038;1163690606;441805490;
100660040;1163690618;1163690644;
100660040;1163690644;1163690608;
109585507;1254096898;1254096959;
109585507;1254096959;1254096881;
109585507;1254096881;1254096930;
109585507;1254096930;1254096947;
109585507;1254096947;1254096958;
109585507;1254096958;1254096892;
109585507;1254096892;1254096941;
109585507;1254096941;1254096920;
109585507;1254096920;1254096955;
109585507;1254096955;1254096952;
109585507;1254096952;1254096883;
109585507;1254096883;1254096868;
109963969;1257471295;1257471275;
109963969;1257471275;1524901222;
109963969;1524901222;1257471285;
109963970;1257471292;1524901218;
109963970;1524901218;1257471288;
109963971;1257471291;1257471298;
109963971;1257471298;1257471286;
109963971;1257471286;1257471276;
109963971;1257471276;1257471289;
109963971;1257471289;1257471285;
109963971;1257471285;1257471273;
109963971;1257471273;1257471277;
109963971;1257471277;1257471297;
109963971;1257471297;1257471283;
109963971;1257471283;1257471282;
109963971;1257471282;1257471293;
109963971;1257471293;1257471281;
109963971;1257471281;1257471288;
109963971;1257471288;1257471279;
109963971;1257471279;1257471296;
109963971;1257471296;1257471291;
109963972;1257471286;1257471278;
109963972;1257471278;1257471287;
109963972;1257471287;1257471295;
109963973;1257471291;1257471290;
109963973;1257471290;1524901217;
109963973;1524901217;441803331;
109963973;441803331;1252555691;
109963973;1252555691;1547680417;
109963973;1547680417;1547680415;
109963973;1547680415;441803483;
110165743;1258977010;1258977007;
110166520;907122044;907122670;
110166520;907122670;1258990806;
110166520;1258990806;907122676;
110166520;907122676;907122269;
110166520;907122269;907122289;
110166520;907122289;907122278;
110166520;907122278;907122147;
110166520;907122147;907122287;
110166520;907122287;907122275;
110166520;907122275;907122159;
110166520;907122159;907122043;
110166520;907122043;907122172;
110166520;907122172;907122052;
110166520;907122052;907122674;
110166520;907122674;907122144;
110166520;907122144;907121692;
110166520;907121692;1258990837;
110166520;1258990837;1258990864;
110166520;1258990864;773398405;
110166520;773398405;1258990907;
110166522;1258990862;1258990879;
110166522;1258990879;1258990839;
110166522;1258990839;1258990866;
110166522;1258990866;1258990884;
110166522;1258990884;1258990823;
110166522;1258990823;1258990844;
110166522;1258990844;1602335208;
110166522;1602335208;4090279348;
110166524;1258990903;907122044;
110166526;1645705626;907122278;
110166526;907122278;1258990862;
110166526;1258990862;907122169;
110166527;1258990894;1645705626;
110166531;1258990806;1258990823;
110270474;1259707392;907122144;
110270474;907122144;907122270;
110270477;1259796043;1259707392;
116004285;1309247607;1309255907;
116004288;1309239946;1309249775;
116004288;1309249775;1309227967;
116004288;1309227967;1309233104;
116004288;1309233104;1309239090;
116004288;1309239090;1309232712;
116004288;1309232712;1309238029;
116004288;1309238029;1309233099;
116004351;1309255648;1309228400;
116004351;1309228400;1309231222;
116004351;1309231222;1309236759;
116004377;1309256103;1309231906;
116004377;1309231906;1309237340;
116004377;1309237340;1309253590;
116004377;1309253590;1309243015;
116004377;1309243015;1309248656;
116004459;1309255907;1309231587;
116004459;1309231587;1309237173;
116004459;1309237173;1309243943;
116004467;1309231222;3588634117;
116004467;3588634117;1309255513;
116004467;1309255513;1309230976;
116004467;1309230976;1309239840;
116004501;2860322402;1309242188;
116004526;1254096892;1309234072;
116004526;1309234072;1309239946;
116004526;1309239946;1309247964;
116004526;1309247964;1309256103;
116004526;1309256103;1309256150;
116004526;1309256150;1309237418;
116004526;1309237418;1309228921;
116004526;1309228921;1309246546;
116004526;1309246546;1309230285;
116004526;1309230285;1309227923;
116004526;1309227923;1309229973;
116004526;1309229973;1309228140;
116004526;1309228140;1309239651;
116004526;1309239651;1309255764;
116004526;1309255764;1309231395;
116004526;1309231395;1309236924;
116004580;1309233733;1309239836;
116004619;1309233302;1309244290;
116004619;1309244290;1309253583;
116004619;1309253583;1309235206;
116004619;1309235206;1309230278;
116004619;1309230278;1309228781;
116004619;1309228781;1309228928;
116004619;1309228928;3591017007;
116004619;3591017007;1309233018;
116004649;441803393;1309247607;
116004652;1309227889;1309232092;
116004652;1309232092;1309237517;
116004652;1309237517;3588634118;
116004655;1309243102;1309248431;
116004655;1309248431;1309227895;
116004655;1309227895;1309236759;
116004655;1309236759;1309232325;
116004655;1309232325;1309237613;
116004655;1309237613;1309253702;
116004655;1309253702;3588634114;
116004655;3588634114;1309229354;
116004655;1309229354;1309235378;
116004655;1309235378;3588634112;
116004655;3588634112;1309241225;
116004655;1309241225;3588634110;
116004655;3588634110;1309249463;
116004655;1309249463;3588634111;
116004655;3588634111;1309227921;
116004655;1309227921;3588634113;
116004655;3588634113;1309232945;
116004655;1309232945;1309238548;
116004655;1309238548;1309246348;
116004655;1309246348;1254096898;
116004655;1254096898;1309229987;
116004655;1309229987;1309235666;
116004655;1309235666;1309242367;
116004655;1309242367;1309250814;
116004655;1309250814;1309228061;
116004655;1309228061;1309233324;
116004655;1309233324;1564682255;
116004655;1564682255;1309239476;
116004655;1309239476;1309247172;
116004655;1309247172;1309255632;
116004655;1309255632;1309231201;
116004660;1309227923;1309238695;
116004660;1309238695;1309246372;
116004660;1309246372;1309230079;
116004660;1309230079;1309235846;
116004660;1309235846;1309242516;
116004660;1309242516;1309251224;
116004660;1309251224;1309228085;
116004660;1309228085;1309233408;
116004660;1309233408;1309239487;
116004660;1309239487;1309238695;
116004663;1309243015;1309252064;
116004663;1309252064;1309228164;
116004663;1309228164;1309233728;
116004663;1309233728;1309239823;
116004663;1309239823;1309248656;
116004663;1309248656;1309227957;
116004663;1309227957;1309233099;
116004679;1309243906;441803304;
116004679;441803304;768226315;
116004703;1309228237;1309227889;
116004703;1309227889;1309255648;
116004703;1309255648;1309238353;
116004703;1309238353;1309245880;
116004703;1309245880;1309254088;
116004703;1309254088;1309229903;
116004703;1309229903;1309235582;
116004717;1309228400;1309234332;
116004724;1309256150;1309249261;
116004724;1309249261;1309227915;
116004724;1309227915;1309232813;
116004724;1309232813;1309238369;
116004724;1309238369;1309245926;
116004724;1309245926;1309254295;
116004724;1309254295;1309229973;
139129813;1524892962;1524892964;
139129815;1646529635;2211502009;
139129815;2211502009;772873139;
139129818;772873296;1524892962;
139129818;1524892962;772873139;
139132382;1257471292;441803592;
139132384;1257471293;1257471292;
139132385;772873292;1257471284;
139132385;1257471284;1257471283;
139132391;1257471277;1524901221;
139132391;1524901221;1524901223;
139132391;1524901223;772873292;
139132393;441803330;1524901219;
139132393;1524901219;1524901217;
141395143;441803483;4029548999;
141395143;4029548999;441803332;
141395143;441803332;4029548992;
141395143;4029548992;4029548991;
141395143;4029548991;441803333;
141395143;441803333;4029548990;
141395143;4029548990;441803334;
141395143;441803334;893326746;
141395143;893326746;893326752;
141395143;893326752;441803335;
141395143;441803335;441803337;
141395143;441803337;441803339;
141395143;441803339;1163754835;
141395143;1163754835;441803340;
141395143;441803340;441803342;
141395143;441803342;443813000;
141395143;443813000;441803344;
142865544;1563324312;1563324310;
142865544;1563324310;1563324309;
142865544;1563324309;1563324306;
142865544;1563324306;1563324304;
142865544;1563324304;1563324299;
142865544;1563324299;1563324298;
142865778;1563326056;1563326059;
142865778;1563326059;1681887009;
142865778;1681887009;1681887011;
142865779;1563326055;1563326058;
142865779;1563326058;1681887005;
142865779;1681887005;1681887012;
142865780;1563326057;1563326058;
142865780;1563326058;1563326059;
142865781;1563326054;1563326049;
142997494;1309227986;913122983;
142997495;1564682306;1564682287;
142997495;1564682287;1564682275;
142997495;1564682275;1309227986;
142997496;1564682349;1564682366;
142997496;1564682366;1564682374;
142997496;1564682374;1564682382;
142997496;1564682382;1564682388;
142997497;1309227986;1564682270;
142997497;1564682270;1564682277;
142997497;1564682277;1564682294;
142997497;1564682294;1564682319;
142997498;1254092826;1309240755;
142997498;1309240755;1254092811;
142997498;1254092811;1254092816;
142997498;1254092816;1254092800;
142997498;1254092800;1254092804;
142997498;1254092804;1254092829;
142997498;1254092829;1254092796;
142997498;1254092796;1254092819;
142997498;1254092819;1309231230;
142997498;1309231230;1254092822;
142997498;1254092822;1309245084;
142997498;1309245084;1309227935;
142997498;1309227935;1698583323;
142997498;1698583323;1309253649;
142997498;1309253649;1254092814;
142997498;1254092814;1254092799;
142997498;1254092799;1254092808;
142997498;1254092808;1254092794;
142997498;1254092794;441803002;
142997498;441803002;1309242188;
142997498;1309242188;1564682388;
142997499;1564682388;1564682380;
142997499;1564682380;1564682372;
142997499;1564682372;1564682370;
142997499;1564682370;1564682368;
142997499;1564682368;1564682353;
142997500;1564682336;1309243248;
142997500;1309243248;1564682335;
142997500;1564682335;1309230711;
142997500;1309230711;1564682310;
142997500;1564682310;1309243943;
142997500;1309243943;1564682267;
142997500;1564682267;1309243093;
142997500;1309243093;1309252344;
142997500;1309252344;1309228183;
142997500;1309228183;1309233733;
142997501;1564682337;1564682322;
142997501;1564682322;1564682311;
142997501;1564682311;1564682306;
142997501;1564682306;1564682299;
142997501;1564682299;1564682300;
142997501;1564682300;1564682319;
142997501;1564682319;1564682333;
142997501;1564682333;1564682346;
142997501;1564682346;1564682349;
142997501;1564682349;1564682351;
142997501;1564682351;1564682354;
142997501;1564682354;1564682356;
142997501;1564682356;1564682353;
142997501;1564682353;1564682350;
142997501;1564682350;1564682347;
142997501;1564682347;1564682337;
142997502;1564682350;1309252959;
142997503;1309252959;1564682322;
142997504;1309252959;1564682339;
142997504;1564682339;1564682344;
142997505;1564682344;1309248194;
142997505;1309248194;1564682336;
142997506;1309231201;1564682265;
142997506;1564682265;1564682273;
142997506;1564682273;1564682283;
142997507;1564682283;1564682303;
142997507;1564682303;1564682330;
142997507;1564682330;1564682339;
142997508;1564682344;1564682331;
142997508;1564682331;1564682296;
142997508;1564682296;1564682285;
142997509;1564682283;1564682307;
142997509;1564682307;1564682334;
142997509;1564682334;1564682344;
142997510;1564682336;1564682320;
142997510;1564682320;1564682297;
142997510;1564682297;1564682285;
142997510;1564682285;1564682271;
142997510;1564682271;1309231201;
146226047;1595004599;1595004604;
146226047;1595004604;1595004606;
146226048;1595004603;1595004599;
146226048;1595004599;1595004593;
146226048;1595004593;1595004591;
146226048;1595004591;1595004587;
146226050;1595004606;1595004612;
146226050;1595004612;1595004611;
146226050;1595004611;1595004609;
146226050;1595004609;1595004601;
146226050;1595004601;1595004596;
146226050;1595004596;1595004593;
147038829;441803528;1652362088;
147038829;1652362088;4340684429;
147038829;4340684429;441803530;
147038829;441803530;769290274;
147038829;769290274;441803532;
147038829;441803532;769290265;
147038829;769290265;441803535;
147038829;441803535;769290262;
147038829;769290262;441803537;
147038829;441803537;769290276;
147038829;769290276;441803539;
147038829;441803539;769290291;
147038829;769290291;773398378;
147038829;773398378;773398374;
147038829;773398374;441803545;
147038829;441803545;773398387;
147038829;773398387;773398382;
147038829;773398382;441803547;
147038829;441803547;1602335208;
147038829;1602335208;773398403;
147038829;773398403;773398397;
147038829;773398397;441803549;
147038829;441803549;441803551;
147038829;441803551;441803554;
147038829;441803554;441803556;
147038829;441803556;441803558;
147038829;441803558;769290294;
147038830;1602335210;1790053564;
147038831;441803358;768203708;
147038831;768203708;1257479105;
147038831;1257479105;1790059249;
147038831;1790059249;926785002;
147038831;926785002;443818025;
147038831;443818025;926785001;
147038831;926785001;926784996;
147038831;926784996;926784999;
147038831;926784999;443818031;
147038831;443818031;1790059198;
147038831;1790059198;1602335209;
147038831;1602335209;769324716;
147038831;769324716;768203720;
147038831;768203720;4090279340;
147038831;4090279340;769324680;
147038831;769324680;769324710;
147038831;769324710;769324649;
147038831;769324649;1790067683;
147038831;1790067683;443818033;
147039511;1602346489;1602346510;
147039512;1602346487;443813212;
150640068;443817968;768226323;
150640529;1635378979;1645705880;
150640529;1645705880;772873302;
150640529;772873302;1652362088;
150643142;1635405538;1635405532;
150643143;1635405532;1635405529;
150643143;1635405529;1635405519;
150643143;1635405519;1635405517;
150643143;1635405517;1635405530;
150643143;1635405530;1635405532;
151728910;1163609472;772873294;
151728910;772873294;1163609518;
151728910;1163609518;1524892971;
151728910;1524892971;1524892964;
151728910;1524892964;772873292;
151728936;769314426;1645706060;
151729246;1645706579;1645706582;
151729246;1645706582;1645706617;
151729246;1645706617;1645706620;
151729246;1645706620;1645706622;
151729246;1645706622;1645706625;
151729246;1645706625;1645706674;
151729246;1645706674;1645706699;
151729246;1645706699;1645706702;
151729246;1645706702;1645706696;
151729262;1645706022;441802828;
151729262;441802828;1645706035;
151729262;1645706035;1645706060;
151729262;1645706060;1645706067;
151729262;1645706067;441803623;
151729262;441803623;1645706074;
151729262;1645706074;769314452;
151729262;769314452;1645706071;
151729262;1645706071;1645706064;
151729262;1645706064;1645706038;
151729262;1645706038;441802805;
151729262;441802805;1645706025;
151729262;1645706025;1645706019;
151729262;1645706019;1645706012;
151729262;1645706012;1645706015;
151729262;1645706015;1645706022;
151729268;1645706299;1645706322;
151729271;1645706645;1645706638;
151729276;1645706627;1645706624;
151729278;1645706693;1645706670;
151729284;1645706577;1645706579;
151729285;1645706190;1645706188;
151729291;1645706688;1645706618;
151729304;1645705880;1645705881;
151729305;1645706696;1645706693;
151729314;1645706229;1645706230;
151729321;1645706670;1645706645;
151729324;1645707049;1645707030;
151729324;1645707030;1645706972;
151729324;1645706972;1645706969;
151729324;1645706969;1645706967;
151729324;1645706967;1645706932;
151729324;1645706932;1645706928;
151729324;1645706928;1645706924;
151729324;1645706924;1645706917;
151729324;1645706917;1645706914;
151729324;1645706914;1645706911;
151729324;1645706911;1645706907;
151729324;1645706907;1645706874;
151729324;1645706874;1645706866;
151729324;1645706866;1645706858;
151729324;1645706858;1645706803;
151729324;1645706803;1645706795;
151729324;1645706795;1645706723;
151729324;1645706723;1645706706;
151729324;1645706706;1645706641;
151729324;1645706641;1645706634;
151729324;1645706634;1645706630;
151729324;1645706630;1645706627;
151729346;1645706718;1645706706;
151729346;1645706706;1645706674;
151729349;441802854;1645706033;
151729349;1645706033;441802805;
151729356;1645706304;1645706273;
151729356;1645706273;1645706307;
151729359;1645706064;1645706041;
151729359;1645706041;441802854;
151729374;1645706579;1645706581;
151729374;1645706581;1645706621;
151729374;1645706621;1645706683;
151729384;1645706624;1645706623;
151729384;1645706623;1645706615;
151729384;1645706615;1645706585;
151729387;1645705882;1645705884;
151729387;1645705884;1645705881;
151729387;1645705881;1645705851;
151729388;1163609472;1645706443;
151729388;1645706443;1645706497;
151729388;1645706497;1645706507;
151729391;1645706181;1645706196;
151729391;1645706196;1645706227;
151729391;1645706227;1645706228;
151729415;1645706187;1645706183;
151729415;1645706183;1645706190;
151729415;1645706190;1645706230;
151729415;1645706230;1645706263;
151729430;1645706497;1645706503;
151729430;1645706503;1645706569;
151729430;1645706569;1645706571;
151729430;1645706571;1645706577;
151736254;441805512;441805501;
151736254;441805501;1650252148;
151736254;1650252148;1650252149;
151736254;1650252149;1650252150;
151736254;1650252150;1650252151;
151736254;1650252151;1650253210;
151736254;1650253210;443813212;
152188739;1650252151;1650252187;
152188739;1650252187;1650252240;
152188739;1650252240;1650252242;
152188739;1650252242;1650252244;
152188739;1650252244;1650252246;
152188739;1650252246;1650252234;
152188739;1650252234;1650252201;
152188739;1650252201;1650252199;
152188739;1650252199;1650252198;
152188739;1650252198;1650252194;
152188739;1650252194;1650252188;
152188739;1650252188;1650252187;
152188740;1650252109;1650252150;
152188741;1650252242;1650252194;
152188742;1650252244;1650252198;
152188743;1650252130;1650252128;
152188744;1650252113;1650252111;
152188744;1650252111;1650252107;
152188745;1650252148;1650252154;
152188745;1650252154;1650252156;
152188745;1650252156;1650252257;
152188746;1650252149;1650252130;
152188746;1650252130;1650252113;
152188746;1650252113;1650252105;
152188747;1650252267;1650252232;
152188747;1650252232;1650252225;
152188747;1650252225;1650252224;
152188747;1650252224;1650252272;
152420343;768203702;769290295;
152420490;1652362092;1652362094;
152420491;1652362086;1652362091;
152420492;1652362093;1652362092;
152420492;1652362092;1652362091;
152420492;1652362091;1652362089;
155831509;1681887005;1681887006;
155831509;1681887006;1681887004;
155831509;1681887004;1681887002;
155831509;1681887002;1681887000;
155831509;1681887000;1681886997;
155831509;1681886997;1681886999;
155831509;1681886999;1681887001;
155831509;1681887001;1681887003;
155831509;1681887003;1681887008;
155831509;1681887008;1681887009;
155831509;1681887009;1681887010;
155831510;1681887015;1681887014;
155831510;1681887014;1681887013;
155831510;1681887013;1681887016;
157609886;1698583000;1698583126;
157609886;1698583126;3591015683;
157609886;3591015683;1698583470;
157609886;1698583470;3591015684;
157609886;3591015684;3591015685;
157609886;3591015685;3591015686;
157609886;3591015686;1698582977;
157609886;1698582977;3591015687;
157609886;3591015687;3591015688;
157609886;3591015688;3591015689;
157609886;3591015689;3591015690;
157609886;3591015690;3591015692;
157609886;3591015692;1698583254;
157609886;1698583254;1698583250;
157609886;1698583250;3591016996;
157609886;3591016996;1698583512;
157609886;1698583512;1698583323;
167627378;1790053563;769324695;
167627378;769324695;441803034;
167627378;441803034;441803038;
167627378;441803038;441803041;
167627378;441803041;441803043;
167627378;441803043;441803045;
167627378;441803045;441803048;
167627378;441803048;441803051;
167627378;441803051;1790067687;
167627378;1790067687;769324699;
167627379;1790053564;1790053563;
167627970;1790059249;1790059248;
167627970;1790059248;1790059245;
167627970;1790059245;1790059243;
167627970;1790059243;1790059213;
167627970;1790059213;1790059196;
167627970;1790059196;1790059189;
167627970;1790059189;1790059184;
167627970;1790059184;1790059191;
167627970;1790059191;1790059193;
167627970;1790059193;1790059187;
167627970;1790059187;1790059182;
167627970;1790059182;1790059181;
167627971;1790059181;441803031;
167627972;1790059198;1790059213;
167627972;1790059213;1790059228;
167628484;1790067713;1790067715;
167628484;1790067715;1790067716;
167628484;1790067716;1790067718;
167628484;1790067718;1790067719;
167628484;1790067719;1790067720;
167628484;1790067720;1790067722;
167628484;1790067722;1790067729;
167628484;1790067729;1790067731;
167628484;1790067731;1790067733;
167628484;1790067733;1790067735;
167628484;1790067735;1790067746;
167628485;441803043;4090279337;
167628485;4090279337;1790067746;
167630567;1790095552;1790095551;
167630567;1790095551;1790095550;
167630567;1790095550;443813226;
167630567;443813226;1650252267;
167630567;1650252267;443809290;
167630567;443809290;1650252272;
167630567;1650252272;441805500;
167630896;441819677;1790097574;
167630896;1790097574;1790097571;
241135855;2488354286;2488354285;
241135855;2488354285;2488354284;
241135855;2488354284;4090279480;
281120259;768203725;4090279455;
281120259;4090279455;4706684630;
281120259;4706684630;4706684606;
281120259;4706684606;2851243940;
282090911;1309255509;2860322196;
282090911;2860322196;3588634123;
282090912;2860322200;2860322199;
294407809;768566000;768565990;
294407809;768565990;768566004;
294407809;768566004;441805497;
294407809;441805497;441805508;
294407809;441805508;443813115;
294407809;443813115;441803021;
294407809;441803021;443813117;
294407809;443813117;441803444;
294407809;441803444;443800957;
294407809;443800957;443817655;
294407809;443817655;443817656;
294407809;443817656;441803337;
297400619;441803619;443817322;
297400619;443817322;443812903;
297400619;443812903;443809274;
297400619;443809274;1163754341;
353079104;1309242188;1309250676;
353079104;1309250676;1309228043;
353079104;1309228043;1309233302;
353079104;1309233302;1309239308;
353079104;1309239308;1309246956;
353079104;1309246956;1309255509;
353079104;1309255509;1309230959;
353079104;1309230959;1309229119;
353079104;1309229119;1309236553;
353079104;1309236553;1309243266;
353079104;1309243266;1309252725;
353079104;1309252725;3588634119;
353079104;3588634119;1309228237;
353079104;1309228237;1309233876;
353079104;1309233876;1309234332;
353079104;1309234332;1309239943;
353079104;1309239943;3588634120;
353079104;3588634120;3588634121;
353079104;3588634121;1309247956;
353079104;1309247956;1309256142;
353079104;1309256142;1309231926;
353079104;1309231926;1309237414;
353079104;1309237414;3588634122;
353079104;3588634122;1309244536;
353079104;1309244536;1309253603;
353079104;1309253603;1309228915;
353079105;3588634118;1309244724;
353079105;1309244724;1309253656;
353079105;1309253656;1309229119;
353079106;2860322196;2860322200;
353079106;2860322200;2860322405;
353079106;2860322405;2860322406;
353079106;2860322406;2860322407;
353079106;2860322407;2860322408;
353079106;2860322408;2860322410;
376021185;441805513;443813166;
376021185;443813166;441803027;
376021185;441803027;443813129;
376021185;443813129;441803462;
376021185;441803462;768203714;
376021185;768203714;1259665597;
376021185;1259665597;443813185;
376021186;441805513;1163690647;
376021186;1163690647;1163690619;
376021186;1163690619;1163690609;
406992618;4090279428;4090279424;
406992618;4090279424;4090279413;
406992618;4090279413;4090279404;
406992618;4090279404;4090279393;
406992663;4090279337;4090279338;
406992663;4090279338;769324679;
406992673;4090279347;4090279349;
406992673;4090279349;4090279350;
406992673;4090279350;4090279351;
406992673;4090279351;769324695;
406992676;4090279341;4090279342;
406992676;4090279342;4090279343;
406992676;4090279343;1645705576;
406992676;1645705576;1681922645;
406992676;1681922645;4090279345;
406992676;4090279345;4090279344;
406992676;4090279344;4090279339;
406992676;4090279339;4090279340;
436191732;4340684474;4340684475;
436191733;4340684476;4340684475;
436191734;4340684422;4340684425;
436191735;4340684444;4340684446;
436191736;4340684427;4340684428;
436191737;4340684424;4340684421;
436191738;4340684710;4340684709;
436191738;4340684709;441803403;
436191739;4340684448;4340684447;
436191739;4340684447;768203716;
436191740;4340684713;4340684712;
436191740;4340684712;4340684711;
436191741;4340684475;4340684478;
436191741;4340684478;4340684477;
436191741;4340684477;4340684474;
436191743;4340684429;4340684431;
436191743;4340684431;4340684430;
436191743;4340684430;4340684432;
436191744;4340684715;4340684714;
436191744;4340684714;4340684711;
436191744;4340684711;441803426;
436191745;4340684426;4340684420;
436191745;4340684420;907122270;
436191745;907122270;4340684421;
436191745;4340684421;4340684422;
436191745;4340684422;1258990907;
436191745;1258990907;4340684423;
468436705;4629729322;4629790760;
468436705;4629790760;4629729323;
468436705;4629729323;4629729324;
468436705;4629729324;4629790762;
468436705;4629790762;4629729325;
468436705;4629729325;4629729322;
468436705;4629729322;4629729326;
468436705;4629729326;4629729327;
468436705;4629729327;4629790759;
468436705;4629790759;4629729328;
468436705;4629729328;4629729329;
468436705;4629729329;4629729330;
468436705;4629729330;4629729331;
468436705;4629729331;4629729332;
468436705;4629729332;4629790761;
468436705;4629790761;4629729333;
468436705;4629729333;4629729334;
468436705;4629729334;4629729335;
468436705;4629729335;4629729326;
468443800;4629729334;4629729325;
468443801;4629729331;4629729324;
468443802;4629729329;4629729323;
468443803;4629790759;4629790760;
468443804;4629790761;4629790762;
468443805;4629790763;4629790764;
468443805;4629790764;4629790765;
468443805;4629790765;4629790766;
468443805;4629790766;4629790767;
468443805;4629790767;4629790768;
468443805;4629790768;4629790769;
468443805;4629790769;4629790770;
468443805;4629790770;4629790771;
468443805;4629790771;4629790772;
468443805;4629790772;4629790763;
468443805;4629790763;4629790759;
468443806;4629790768;4629790761;
469533424;4638349667;4638349670;
469533424;4638349670;4638349669;
469533424;4638349669;4638349668;
469533424;4638349668;4638349667;
469533424;4638349667;4638349663;
469533424;4638349663;4638349666;
469533424;4638349666;4638349665;
469533424;4638349665;4638349664;
469533424;4638349664;4638349663;
469533424;4638349663;4638349659;
469533424;4638349659;4638349662;
469533424;4638349662;4638349661;
469533424;4638349661;4638349660;
469533424;4638349660;4638349659;
469533424;4638349659;4638349655;
469533424;4638349655;4638349658;
469533424;4638349658;4638349657;
469533424;4638349657;4638349656;
469533424;4638349656;4638349655;
469533424;4638349655;4638349651;
469533424;4638349651;4638349654;
469533424;4638349654;4638349653;
469533424;4638349653;4638349652;
469533424;4638349652;4638349651;
469533424;4638349651;4638349647;
469533424;4638349647;4638349650;
469533424;4638349650;4638349649;
469533424;4638349649;4638349648;
469533424;4638349648;4638349647;
469533424;4638349647;4638349643;
469533424;4638349643;4638349646;
469533424;4638349646;4638349645;
469533424;4638349645;4638349644;
469533424;4638349644;4638349643;
469533424;4638349643;4638349640;
469533424;4638349640;4638349642;
469533424;4638349642;4638349644;
469533424;4638349644;4638349648;
469533424;4638349648;4638349652;
469533424;4638349652;4638349656;
469533424;4638349656;4638349660;
469533424;4638349660;4638349664;
469533424;4638349664;4638349668;
469533424;4638349668;4638349670;
469533424;4638349670;4638349666;
469533424;4638349666;4638349662;
469533424;4638349662;4638349658;
469533424;4638349658;4638349654;
469533424;4638349654;4638349650;
469533424;4638349650;4638349646;
469533424;4638349646;4638349639;
469533424;4638349639;4638349640;
469533424;4638349640;4638349643;
469533424;4638349643;4638349647;
469533424;4638349647;4638349651;
469533424;4638349651;4638349655;
469533424;4638349655;4638349659;
469533424;4638349659;4638349663;
469533424;4638349663;4638349667;
469533424;4638349667;4638349669;
469533424;4638349669;4638349665;
469533424;4638349665;4638349661;
469533424;4638349661;4638349657;
469533424;4638349657;4638349653;
469533424;4638349653;4638349649;
469533424;4638349649;4638349645;
469533424;4638349645;4638349641;
469533424;4638349641;4638349642;
477290536;2851243940;1163690676;
477290536;1163690676;441805505;
477290537;443813166;4706684606;
477290544;4706684630;4706684633;
477290544;4706684633;4706684636;
477290544;4706684636;4706684631;
477290544;4706684631;4706684632;
477290545;4706684633;4706684634;
477290545;4706684634;4706684635;
477290545;4706684635;4706684636;